T2DadjBMI	WHRadjBMI	BMI
rs1426371	1	1	1
rs3742305	1	1	1
rs8068804	1	1	1
rs4420638	1	1	1
rs9425304	1	1	0
rs2821226	1	1	0
rs10157145	1	1	0
rs61776651	1	1	0
rs12089749	1	1	0
rs703974	1	1	0
rs11202627	1	1	0
rs1111875	1	1	0
rs1461396	1	1	0
rs56271783	1	1	0
rs588298	1	1	0
rs1872992	1	1	0
rs1796330	1	1	0
rs1239707	1	1	0
rs11634257	1	1	0
rs2297383	1	1	0
rs62014216	1	1	0
rs7163907	1	1	0
rs1530088	1	1	0
rs1861353	1	1	0
rs2925979	1	1	0
rs1108646	1	1	0
rs1641523	1	1	0
rs73001065	1	1	0
rs116843064	1	1	0
rs56412116	1	1	0
rs113414093	1	1	0
rs559802	1	1	0
rs6063048	1	1	0
rs4372964	1	1	0
rs3103310	1	1	0
rs59899263	1	1	0
rs62271373	1	1	0
rs4686696	1	1	0
rs6774733	1	1	0
rs12641088	1	1	0
rs7660000	1	1	0
rs6860245	1	1	0
rs7708285	1	1	0
rs2982521	1	1	0
rs7744833	1	1	0
rs13243905	1	1	0
rs12680692	1	1	0
rs6999158	1	1	0
rs12334481	1	1	0
rs28562046	1	1	0
rs4276913	1	1	-1
rs2820446	1	1	-1
rs4073980	1	1	-1
rs7928810	1	1	-1
rs7978610	1	1	-1
rs1286112	1	1	-1
rs4247361	1	1	-1
rs12454712	1	1	-1
rs17484848	1	1	-1
rs10184004	1	1	-1
rs55928417	1	1	-1
rs2347252	1	1	-1
rs4132228	1	1	-1
rs303084	1	1	-1
rs9402211	1	1	-1
rs474513	1	1	-1
rs17630640	1	1	-1
rs77136196	1	1	-1
rs998584	1	1	-1
rs1364422	1	1	-1
rs1513272	1	1	-1
rs9691220	1	1	-1
rs3776864	1	-1	1
rs73927890	1	-1	0
rs6752964	1	-1	0
rs465002	1	-1	0
rs9398803	1	-1	0
rs73221948	1	-1	0
rs1541681	1	-1	-1
