CHR	START	STOP	LEAD_SNP_P_COMBINED	CANDIDATE_SNP	POSTERIOR_PROB	REGIONAL_PROB	POSTERIOR_EXPLAINED_SNP	DROPPED_TRAIT
NA	NA	NA	NA	NA	NA	NA	NA	NA
1	2798986	3098957	rs148054360	NA	NA	0.0036	NA	1
1	9225677	9425540	rs2268169	NA	NA	0.0653	NA	1
1	17196096	17489820	rs6586496	NA	NA	0.003	NA	1
1	22315459	22515086	rs10917128	NA	NA	0.0375	NA	1
1	22522336	22722251	rs7516288	NA	NA	0.0044	NA	1
1	23161858	23960538	rs56398367	NA	NA	0.0024	NA	1
1	26020409	26220352	rs74753273	NA	NA	0.0027	NA	1
1	26287563	26587038	rs61776651	rs2997447	0.8146	0.9669	0.9816	NA
1	29403232	29602320	rs534697632	NA	NA	0.0026	NA	1
1	35726529	35926389	rs1188620	NA	NA	0.0192	NA	1
1	36274130	36473551	rs77669880	NA	NA	0.005	NA	1
1	39451561	40151483	rs17264866	NA	NA	0.299	NA	2
1	50810014	51609377	rs12089749	rs12089749	0.8047	0.9996	0.131	NA
1	65434776	65634430	rs74458662	NA	NA	0.003	NA	1
1	85387701	85587156	rs186916077	NA	NA	0.0027	NA	1
1	85972286	86472073	rs183597412	NA	NA	0.005	NA	1
1	93954797	94153857	rs150030911	NA	NA	0.0139	NA	1
1	103114350	103785252	rs78916381	NA	NA	0.0034	NA	1
1	110402490	110600612	rs191378	NA	NA	0.0046	NA	1
1	114823797	115123264	rs11102800	NA	NA	0.0412	NA	1
1	117426909	117626806	rs10923193	NA	NA	8e-04	NA	2
1	118749926	119949543	rs114819733	NA	NA	0.0024	NA	1
1	120336785	120693896	rs41277624	NA	NA	0.0021	NA	2
1	150891901	151091181	rs28521412	NA	NA	0.1173	NA	1
1	154691445	155390931	rs4276913	rs905938	0.5749	0.8314	1	NA
1	155395651	156095466	rs11264371	NA	NA	0.1209	NA	1
1	156303961	156503677	rs12141791	NA	NA	0.0214	NA	1
1	160114739	160514226	rs680083	NA	NA	0.0029	NA	1
1	161080007	161279518	rs36123104	NA	NA	0.0044	NA	1
1	163482009	163881642	rs548593156	NA	NA	0.0062	NA	1
1	164429971	164629387	rs10800030	NA	NA	0.0031	NA	1
1	164638917	164838461	rs12567366	NA	NA	0.026	NA	1
1	165208368	165408224	rs6426913	NA	NA	0.3601	NA	1
1	169970836	170870783	rs2254979	NA	NA	0.0566	NA	1
1	172022775	172522249	rs9425304	rs714515	0.7821	0.8471	0.3224	NA
1	175095936	175295662	rs6672214	NA	NA	0.0221	NA	1
1	176133993	176433750	rs16849783	NA	NA	0.0061	NA	1
1	176676297	176875603	rs10798482	NA	NA	0.0437	NA	1
1	199665314	199864715	rs146344206	NA	NA	0.0027	NA	1
1	199919143	200118693	rs2821383	NA	NA	0.0144	NA	1
1	202954342	203154307	rs551564298	NA	NA	0.0026	NA	1
1	203407300	203607047	rs2821226	rs2821231	0.9071	0.9947	0.7674	NA
1	204303865	204503645	rs1008833	NA	NA	0.3624	NA	1
1	204912567	205311998	rs10157145	rs12048743	0.8346	0.9806	0.939	NA
1	212254721	212654457	rs1472226	NA	NA	0.0193	NA	1
1	214045645	214345351	rs7529073	NA	NA	0.4427	NA	2
1	219168558	220068449	rs2820446	NA	NA	0.9999	NA	2
1	220891415	221390962	rs2807875	NA	NA	0.0043	NA	1
1	221520308	221720004	rs1459231	NA	NA	0.0047	NA	1
1	223923513	224123073	rs12121083	NA	NA	0.0059	NA	1
1	227600254	228000231	rs1810680	NA	NA	0.1063	NA	1
1	229573537	229772932	rs660198	NA	NA	0.0237	NA	2
1	236090155	236289700	rs3768084	NA	NA	0.0243	NA	1
2	9300732	9699412	rs6431988	NA	NA	0.019	NA	1
2	11208954	11608834	rs77709582	NA	NA	0.0052	NA	1
2	12970372	13170159	rs779398	NA	NA	0.0024	NA	1
2	20044051	20243661	rs566279980	NA	NA	0.0129	NA	1
2	23790221	24289781	rs151060448	NA	NA	0.0046	NA	1
2	24598739	25598423	rs55928417	NA	NA	0.9282	NA	1
2	25630648	25829510	rs559802	rs67442259	0.4403	0.8475	0.9596	NA
2	27448196	27847642	rs4666002	NA	NA	0.0806	NA	2
2	37762760	38062654	rs12615742	NA	NA	0.0028	NA	1
2	43089310	43288946	rs56054850	NA	NA	0.0062	NA	1
2	43321390	44120947	rs6752964	rs6752964	0.8278	1	0.1139	NA
2	48855069	49054800	rs142262742	NA	NA	0.0082	NA	1
2	57842453	58742298	rs13016665	NA	NA	0.0058	NA	1
2	59851529	60051049	rs1442883	NA	NA	0.0028	NA	1
2	60452566	60652100	rs968919	NA	NA	0.2419	NA	2
2	65176133	65375956	rs2249105	NA	NA	0.0267	NA	2
2	65502200	65801490	rs4671656	NA	NA	7e-04	NA	2
2	65863049	66362818	rs13386347	NA	NA	0.0668	NA	1
2	66629486	66829249	rs2280334	NA	NA	0.0028	NA	1
2	67350063	67949792	rs2902005	NA	NA	0.0034	NA	1
2	68270258	68569777	rs4671892	NA	NA	0.0269	NA	1
2	96697823	96994224	rs569131625	NA	NA	0.0035	NA	1
2	99957272	100556613	rs2043006	NA	NA	0.0186	NA	1
2	111498050	112296552	rs17484848	NA	NA	0.9075	NA	1
2	112309031	112508246	rs12615539	NA	NA	0.3876	NA	1
2	114304301	114803956	rs62170074	NA	NA	0.0034	NA	1
2	117942496	118142210	rs545548087	NA	NA	0.0011	NA	2
2	119169445	119569315	rs7568084	NA	NA	0.003	NA	1
2	121205963	121405279	rs9784137	NA	NA	0.0022	NA	2
2	157833358	158032494	rs16841206	NA	NA	0.041	NA	1
2	158135230	158734557	rs10497186	NA	NA	0.6187	NA	1
2	161240218	161440109	rs6710938	NA	NA	0.1134	NA	1
2	161571999	161771300	rs175238	NA	NA	0.0044	NA	1
2	165355169	165854983	rs10184004	rs10195252	0.9966	1	0.3769	NA
2	171242713	171442478	rs1344942	NA	NA	0.0293	NA	1
2	172198733	172498255	rs56412116	rs151054210	0.7355	0.7768	0.3519	NA
2	187620297	188419717	rs6717397	NA	NA	0.0054	NA	1
2	191626814	191826556	rs140315910	NA	NA	0.025	NA	1
2	206832986	207232923	rs75131425	NA	NA	0.0058	NA	1
2	216187135	216387047	rs190729224	NA	NA	0.0131	NA	1
2	218177312	218477096	rs549213673	NA	NA	0.0048	NA	1
2	218952778	219252436	rs10193189	NA	NA	0.2223	NA	1
2	219600065	219899797	rs113414093	rs78058190	0.8449	0.9994	0.9867	NA
2	224929102	225228660	rs150636101	NA	NA	0.0027	NA	1
2	226740956	227240815	rs1522811	NA	NA	0.0322	NA	2
2	239169045	239468585	rs72978033	NA	NA	0.0093	NA	1
2	239574725	239874135	rs6722214	NA	NA	0.0087	NA	1
3	9875391	10075379	rs185511303	NA	NA	0.005	NA	1
3	11168105	11667766	rs2606735	NA	NA	0.482	NA	1
3	11867871	12967751	rs3103310	NA	NA	1	NA	2
3	23087440	23687397	rs11710420	NA	NA	0.0183	NA	2
3	25485229	25685074	rs184027180	NA	NA	0.0025	NA	1
3	33740852	33940674	rs72859908	NA	NA	0.003	NA	1
3	35535221	35734233	rs76387355	NA	NA	0.0063	NA	1
3	37432806	37832611	rs6780883	NA	NA	0.0024	NA	1
3	43317197	43816957	rs116480741	NA	NA	0.2903	NA	1
3	46797507	47597245	rs6774733	rs11917361	0.7065	1	0.3908	NA
3	47669975	47869775	rs62262091	NA	NA	0.0053	NA	1
3	47911383	48111221	rs7638388	NA	NA	0.0054	NA	1
3	48113624	50713088	rs2624847	NA	NA	0.1337	NA	1
3	51069189	51368508	rs55966607	NA	NA	0.0078	NA	1
3	52007329	53606706	rs11242	NA	NA	0.0133	NA	1
3	54727074	54926671	rs72872226	NA	NA	0.0018	NA	2
3	57022849	57222658	rs9830791	NA	NA	0.0038	NA	1
3	57281859	57480889	rs114939178	NA	NA	0.0041	NA	1
3	61420696	61619980	rs184934542	NA	NA	0.0049	NA	1
3	63753603	64053207	rs9842724	NA	NA	0.1024	NA	2
3	64477535	64977349	rs4132228	rs2371767	0.9873	1	1	NA
3	66374987	66574934	rs7626079	NA	NA	0.2657	NA	1
3	72694005	72893354	rs139655565	NA	NA	0.0016	NA	2
3	78603549	79002843	rs11927671	NA	NA	0.0255	NA	1
3	99129223	99929024	rs191258048	NA	NA	0.0067	NA	1
3	107155416	107555203	rs17811616	NA	NA	0.3734	NA	1
3	113184156	113383362	rs62265519	NA	NA	0.6235	NA	2
3	122824513	123224070	rs6794936	NA	NA	7e-04	NA	2
3	124820083	125019405	rs7638240	NA	NA	0.0373	NA	2
3	127289959	127488500	rs570969125	NA	NA	0.0033	NA	1
3	128249459	128449322	rs186004778	NA	NA	0.0107	NA	1
3	128470671	129770296	rs59899263	rs9837325	0.5428	0.8899	0.9275	NA
3	135714105	136513687	rs667920	NA	NA	0.0104	NA	1
3	136573289	136772990	rs77203258	NA	NA	0.0037	NA	1
3	137897905	138397435	rs2347252	rs9848655	0.9871	1	0.4337	NA
3	149918700	150118281	rs62271373	rs62271373	1	1	1	NA
3	152269671	152569532	rs11929247	NA	NA	0.0017	NA	2
3	156691408	156891102	rs1482852	NA	NA	0.0411	NA	1
3	168710059	169009952	rs12633242	NA	NA	0.0036	NA	1
3	170480110	170779542	rs73165897	NA	NA	6e-04	NA	2
3	171660495	171860386	rs1499813	NA	NA	0.3357	NA	1
3	185173879	185573440	rs4686696	rs7640539	0.9578	1	0.1242	NA
3	186561201	186759854	rs13322149	NA	NA	0.0012	NA	2
3	187568510	187768432	rs581140	NA	NA	0.016	NA	2
4	596189	1095660	rs73056586	NA	NA	0.0028	NA	1
4	1212454	1412389	rs2878539	NA	NA	0.0033	NA	1
4	1524500	1824072	rs1867926	NA	NA	0.002	NA	2
4	2986991	3286676	rs2530598	NA	NA	0.0699	NA	1
4	4890346	5090275	rs57137609	NA	NA	0.027	NA	1
4	6155340	6355000	rs4513637	NA	NA	0.002	NA	2
4	13073349	13273126	rs4834862	NA	NA	0.0028	NA	1
4	15249712	15449303	rs547227680	NA	NA	0.0056	NA	1
4	25907790	26506413	rs1567648	NA	NA	0.0227	NA	1
4	56097727	56597265	rs28708716	NA	NA	0.0315	NA	1
4	83461534	83661461	rs80146017	NA	NA	6e-04	NA	2
4	89433246	89932671	rs7660000	rs2276936	0.7389	0.9965	0.4119	NA
4	102602365	103201821	rs192451801	NA	NA	0.0047	NA	1
4	105964665	106263681	rs17035289	NA	NA	0.0108	NA	1
4	120006531	120306228	rs1026501	NA	NA	0.0051	NA	1
4	120315242	120615177	rs13107334	NA	NA	0.0063	NA	1
4	122473217	122672989	rs41376745	NA	NA	0.0028	NA	1
4	123597171	124296888	rs303084	rs303084	0.9053	0.9326	0.9792	NA
4	124913107	125312870	rs76003461	NA	NA	0.0053	NA	1
4	145128760	146228688	rs11727676	NA	NA	0.0028	NA	1
4	153152155	153551291	rs34546481	NA	NA	0.0013	NA	2
4	157515627	157814976	rs12641088	rs1425486	0.9531	0.9999	0.6219	NA
4	177491917	177691440	rs1531956	NA	NA	0.0031	NA	1
4	185608861	185808787	rs10021219	NA	NA	0.0013	NA	2
5	3864942	4164439	rs189617929	NA	NA	0.0029	NA	1
5	14639040	14938833	rs10078863	NA	NA	0.0035	NA	2
5	32648893	32848173	rs565296053	NA	NA	0.0043	NA	1
5	33941719	34141514	rs299618	NA	NA	0.0184	NA	1
5	38632097	38831658	rs6884185	NA	NA	0.0514	NA	1
5	51972277	52171901	rs62358386	NA	NA	9e-04	NA	2
5	53171447	53471290	rs1541681	NA	NA	0.9873	NA	1
5	54438248	54637437	rs2198860	NA	NA	0.0465	NA	1
5	54640496	55039706	rs6893961	NA	NA	0.4618	NA	1
5	55120998	55320369	rs12522335	NA	NA	0.006	NA	1
5	55650935	56050465	rs465002	rs459193	0.9881	1	1	NA
5	60660843	60860588	rs6898746	NA	NA	0.0155	NA	1
5	64507801	64807128	rs75503695	NA	NA	0.0037	NA	1
5	66192394	66391850	rs34696	NA	NA	0.0867	NA	1
5	67614395	67814145	rs10515086	NA	NA	7e-04	NA	2
5	75853526	76053115	rs13164627	NA	NA	0.0076	NA	1
5	76325023	76524346	rs7708285	rs6878122	0.9595	1	0.383	NA
5	77326355	77525997	rs138075458	NA	NA	0.0031	NA	1
5	82734331	82934245	rs72771232	NA	NA	0.0056	NA	1
5	100674725	100874578	rs146088720	NA	NA	0.0062	NA	2
5	101024098	101323930	rs79183600	NA	NA	0.0065	NA	2
5	101375152	102774930	rs3776864	NA	NA	0.8937	NA	2
5	102873421	103073043	rs294042	NA	NA	0.0034	NA	2
5	118539329	118938880	rs6888463	NA	NA	0.1022	NA	1
5	127250623	127550268	rs6860245	rs3749748	0.9752	0.988	0.3374	NA
5	130644952	131343491	rs12655084	NA	NA	0.0134	NA	1
5	132047178	132546689	rs7732635	NA	NA	0.0042	NA	1
5	133727551	133926830	rs2589408	NA	NA	0.4321	NA	2
5	134292451	134491908	rs1039596	NA	NA	0.0042	NA	1
5	137598340	137898181	rs6874130	NA	NA	0.0028	NA	1
5	141669507	141869191	rs450988	NA	NA	0.0334	NA	1
5	141873482	142173309	rs34012	NA	NA	0.107	NA	1
5	148450108	148649811	rs55706015	NA	NA	0.0128	NA	1
5	149750812	149950246	rs150949995	NA	NA	0.0712	NA	1
5	157779335	158079197	rs2434612	NA	NA	0.0332	NA	1
5	171683267	171883138	rs2569211	NA	NA	0.0121	NA	1
5	172042793	172242266	rs6862893	NA	NA	0.0049	NA	1
5	172646183	172846036	rs67189644	NA	NA	0.0028	NA	1
5	173036741	173436604	rs359477	NA	NA	0.2481	NA	1
5	173439688	173639275	rs146899447	NA	NA	0.0068	NA	1
5	176409307	176809192	rs6556312	NA	NA	0.0027	NA	1
5	178407229	178607083	rs115623187	NA	NA	0.0026	NA	1
5	180545257	180729165	rs577905911	NA	NA	0.0039	NA	1
6	1498270	1698198	rs62390654	NA	NA	0.0029	NA	1
6	6624994	6824407	rs73353773	NA	NA	0.004	NA	1
6	6897301	7397081	rs7451690	NA	NA	0.6902	NA	2
6	14404349	14604208	rs857469	NA	NA	0.0033	NA	1
6	20330076	21229569	rs7744833	NA	NA	0.9974	NA	1
6	22468437	22668136	rs12664866	NA	NA	0.0027	NA	1
6	33221696	33521662	rs465877	NA	NA	0.0157	NA	1
6	33866907	34966705	rs77136196	rs114088263	0.9743	1	0.752	NA
6	35000453	35699622	rs33959228	NA	NA	0.0393	NA	1
6	41566283	41865926	rs2031847	NA	NA	0.1815	NA	1
6	43001746	43401463	rs2396027	NA	NA	0.0382	NA	1
6	43497516	43896807	rs998584	rs998584	0.9989	1	1	NA
6	45365928	45565734	rs3899143	NA	NA	0.0051	NA	1
6	67287611	67487113	rs77085102	NA	NA	0.0019	NA	1
6	80487850	82087664	rs6940768	NA	NA	0.009	NA	1
6	82186652	82386065	rs4706896	NA	NA	0.006	NA	1
6	84938245	85737915	rs74845409	NA	NA	0.0025	NA	1
6	100497756	100696864	rs11155284	NA	NA	0.0037	NA	1
6	112423206	112621959	rs6913656	NA	NA	0.0653	NA	1
6	125743080	125940989	rs577261777	NA	NA	0.02	NA	1
6	125990932	128290412	rs9398803	NA	NA	0.8542	NA	2
6	128294709	128594468	rs191203473	NA	NA	0.0178	NA	1
6	130212130	130511789	rs9402211	rs9402211	0.8434	0.979	0.5237	NA
6	132669170	132868948	rs111334051	NA	NA	0.004	NA	1
6	133382160	133680658	rs7747638	NA	NA	0.4192	NA	1
6	137187853	137387701	rs6570127	NA	NA	0.0041	NA	2
6	139706975	139906701	rs2982521	rs679582	0.9453	0.9997	0.337	NA
6	151921076	152120989	rs139633484	NA	NA	0.0145	NA	1
6	153390257	153589445	rs4481443	NA	NA	0.0305	NA	1
6	160593700	160992192	rs474513	rs541091	0.9778	1	0.3859	NA
6	163993124	164192544	rs17630640	rs4709746	0.9813	0.9878	0.559	NA
7	14113442	14312848	rs4719392	NA	NA	0.0033	NA	1
7	14759141	15159059	rs76048766	NA	NA	7e-04	NA	2
7	20244649	20543995	rs35386086	NA	NA	0.0098	NA	1
7	23412969	23612866	rs34610702	NA	NA	0.0013	NA	2
7	25459338	25658509	rs17725815	NA	NA	0.0052	NA	1
7	25723682	26623091	rs1534696	NA	NA	0.0241	NA	1
7	26641323	26840738	rs212837	NA	NA	0.0268	NA	1
7	26899433	27399159	rs78899540	NA	NA	0.0376	NA	1
7	28038373	28338080	rs1513272	rs849142	0.9939	1	0.3214	NA
7	30836316	31035816	rs28362731	NA	NA	0.012	NA	1
7	32807746	33007105	rs4720089	NA	NA	0.0026	NA	1
7	42565411	42765322	rs7804170	NA	NA	0.005	NA	1
7	44088395	44287966	rs2971672	NA	NA	0.0096	NA	2
7	45855790	46054925	rs2949833	NA	NA	0.0115	NA	1
7	46160178	46359891	rs6945058	NA	NA	0.2417	NA	1
7	46374708	46674496	rs13243905	rs12702218	0.8256	0.9234	0.1051	NA
7	50636729	50836649	rs58511572	NA	NA	0.0039	NA	1
7	68586169	68785864	rs146245413	NA	NA	0.0068	NA	1
7	72736265	73135699	rs72649044	NA	NA	0.0032	NA	1
7	76777099	76976834	rs6978259	NA	NA	0.0043	NA	1
7	77012502	77612346	rs12669521	NA	NA	0.0054	NA	1
7	80470420	80669861	rs7794372	NA	NA	0.0107	NA	1
7	84234800	84734036	rs11982720	NA	NA	0.0416	NA	1
7	92982725	93182642	rs9691220	rs2299253	0.9526	0.9882	0.3851	NA
7	101586675	101786271	rs4727518	NA	NA	0.004	NA	1
7	104481423	105081043	rs10953470	NA	NA	0.1651	NA	1
7	105234659	105433551	rs670004	NA	NA	0.0026	NA	1
7	107471096	107670346	rs3893568	NA	NA	0.2274	NA	1
7	116788207	117288114	rs177069	NA	NA	0.0071	NA	1
7	120625410	121125034	rs2707520	NA	NA	0.014	NA	1
7	129927283	130126860	rs1558917	NA	NA	0.2863	NA	1
7	130323357	130522932	rs1364422	rs738134	0.9353	1	0.2679	NA
7	135148731	135348400	rs201214950	NA	NA	0.0027	NA	1
7	137923392	138122826	rs10238368	NA	NA	0.0038	NA	1
7	150437716	150637315	rs28400418	NA	NA	0.0018	NA	2
7	156816206	157116101	rs6459751	NA	NA	0.0053	NA	2
8	12517355	12717076	rs12680692	rs4474021	0.9586	0.9957	0.7276	NA
8	19724981	20024524	rs6999158	rs10096633	0.8217	0.9801	0.7977	NA
8	23465816	23665025	rs1561105	NA	NA	0.4609	NA	1
8	23698526	23897521	rs4407889	NA	NA	0.013	NA	1
8	25274105	25973828	rs73221948	rs11992444	0.6674	0.709	1	NA
8	26146295	26345621	rs11135933	NA	NA	0.1281	NA	1
8	41160275	41660235	rs6999302	NA	NA	8e-04	NA	2
8	69458559	69657470	rs4737915	NA	NA	0.0068	NA	1
8	71394552	72093841	rs1159724	rs3098872	0.5029	0.5984	0.0776	NA
8	72253716	72553617	rs12334481	NA	NA	0.3241	NA	1
8	75795193	76094528	rs186771659	NA	NA	0.003	NA	1
8	89167020	89662392	rs189680100	NA	NA	0.0027	NA	1
8	95585173	96084925	rs146359865	NA	NA	0.0013	NA	2
8	97624818	97823112	rs146924834	NA	NA	0.0081	NA	2
8	98836481	99036084	rs9297280	NA	NA	0.009	NA	1
8	118083433	118282627	rs2466291	NA	NA	0.0788	NA	2
8	121242222	121441795	rs73329055	NA	NA	0.0024	NA	1
8	126321018	126619844	rs144435165	NA	NA	0.0167	NA	1
8	128083946	128483829	rs606345	NA	NA	0.0119	NA	1
8	128611851	128811678	rs7841193	NA	NA	0.0025	NA	2
8	129706010	129905644	rs7015123	NA	NA	0.0088	NA	1
8	135512645	135812548	rs4909310	NA	NA	0.0552	NA	1
8	145145687	145325807	rs77501143	NA	NA	0.0077	NA	2
8	145451965	145703955	rs7838717	NA	NA	0.1855	NA	2
8	145862310	146061885	rs114968812	NA	NA	9e-04	NA	2
9	4182972	4382838	rs10120959	NA	NA	0.0021	NA	2
9	17018081	17517685	rs10810790	NA	NA	0.0042	NA	1
9	18925401	19125356	rs10811094	NA	NA	0.0132	NA	2
9	21872024	22171981	rs17694572	NA	NA	0.1338	NA	2
9	81782111	81981668	rs34871138	NA	NA	0.0079	NA	2
9	84193487	84393424	rs2796443	NA	NA	0.0021	NA	2
9	93843309	94142869	rs7042178	NA	NA	0.007	NA	1
9	94839105	95638937	rs230222	NA	NA	0.429	NA	1
9	96601787	96901498	rs10739970	NA	NA	0.0038	NA	1
9	98283093	98482923	rs57793730	NA	NA	0.004	NA	1
9	101638198	101837823	rs62565487	NA	NA	0.0026	NA	1
9	107471308	108070192	rs7023634	NA	NA	0.3842	NA	1
9	111681843	111981493	rs534286	NA	NA	0.0034	NA	1
9	112429745	112629419	rs3918629	NA	NA	0.0648	NA	1
9	112660228	112859762	rs7849107	NA	NA	0.0074	NA	1
9	113498402	113697860	rs2263596	NA	NA	0.0027	NA	1
9	113759145	114058909	rs72755327	NA	NA	0.0031	NA	1
9	119054707	119254448	rs1885234	NA	NA	0.0434	NA	1
9	119294541	119494353	rs35533103	NA	NA	0.3182	NA	1
9	131410544	131710406	rs537874457	NA	NA	0.0028	NA	1
9	137438001	137637726	rs76482208	NA	NA	0.0218	NA	1
9	139135795	139435397	rs28562046	rs28505901	0.9921	0.9991	0.2953	NA
9	139908139	140107921	rs147058434	NA	NA	0.0104	NA	1
10	3438859	3638439	rs35126571	NA	NA	0.0185	NA	1
10	4729788	5127840	rs4523595	NA	NA	0.0279	NA	1
10	5542055	5742023	rs147431255	NA	NA	0.0025	NA	1
10	12139688	12339213	rs11257562	NA	NA	0.0013	NA	2
10	24806252	25005964	rs61854201	NA	NA	0.0039	NA	1
10	27768000	27967854	rs78798707	NA	NA	0.0024	NA	1
10	30196651	30396258	rs11007901	NA	NA	0.0059	NA	1
10	32291205	32691086	rs79128219	NA	NA	0.0039	NA	1
10	33364859	33564508	rs76767260	NA	NA	0.0037	NA	1
10	34060840	34260635	rs11009554	NA	NA	0.0028	NA	1
10	63671348	63970781	rs10995037	NA	NA	0.1464	NA	1
10	71219191	71518643	rs61849864	NA	NA	0.0135	NA	2
10	71783904	71983630	rs35004597	NA	NA	0.0158	NA	1
10	77057896	77457007	rs3001910	NA	NA	0.0635	NA	1
10	80662491	81062108	rs703974	NA	NA	1	NA	1
10	89503717	89803264	rs11202627	rs12769346	0.8886	0.9997	0.3389	NA
10	93591927	94591607	rs1111875	rs12778642	0.9709	1	0.6268	NA
10	95186964	95386849	rs68133882	NA	NA	0.0038	NA	1
10	95624362	96024030	rs376053824	NA	NA	0.0117	NA	1
10	104186710	104585572	rs10883782	NA	NA	0.3432	NA	1
10	114462335	114961067	rs4073980	NA	NA	1	NA	2
10	119147381	119347241	rs860626	NA	NA	0.1464	NA	1
10	122712516	123012298	rs10788149	NA	NA	0.0149	NA	1
10	124028040	124227675	rs4752692	NA	NA	6e-04	NA	2
11	621634	921540	rs61876744	NA	NA	0.1533	NA	1
11	1972878	2372618	rs734351	NA	NA	0.0015	NA	2
11	2532442	2932300	rs7114479	NA	NA	0.0618	NA	2
11	8651912	9151570	rs10769987	NA	NA	0.0066	NA	1
11	9790088	10589967	rs17268414	NA	NA	0.0458	NA	1
11	10784855	10984179	rs4909954	NA	NA	0.0136	NA	1
11	14156679	14956391	rs1431376	NA	NA	0.0357	NA	1
11	16994792	17494075	rs7928810	rs5213	0.9357	1	0.357	NA
11	17608503	17808131	rs7930435	NA	NA	0.0038	NA	1
11	26027845	26327725	rs1461396	rs72889643	0.8595	0.9423	0.0832	NA
11	28434959	28634870	rs35031414	NA	NA	9e-04	NA	2
11	32285253	32584773	rs78531912	NA	NA	0.0085	NA	1
11	36225821	36525620	rs11604953	NA	NA	0.0048	NA	1
11	47370577	47570286	rs148548574	NA	NA	0.0045	NA	1
11	47831811	48031091	rs141016381	NA	NA	0.0087	NA	1
11	61967353	62467048	rs17145874	NA	NA	0.0165	NA	1
11	62826659	63126211	rs144103305	NA	NA	0.0101	NA	1
11	63743106	64542901	rs56271783	rs56271783	0.9931	0.997	1	NA
11	65072208	65871886	rs588298	NA	NA	0.9995	NA	2
11	65996811	66196410	rs551243	NA	NA	0.0063	NA	1
11	66772380	67472145	rs7124968	NA	NA	0.0062	NA	1
11	68858056	69557805	rs61881115	NA	NA	0.3908	NA	1
11	72248192	72747823	rs728847	NA	NA	0.0524	NA	2
11	72751922	72951043	rs36007050	NA	NA	0.0011	NA	2
11	74232686	74431931	rs7947451	NA	NA	0.0175	NA	1
11	92567519	92766895	rs10830959	NA	NA	0.0033	NA	2
11	92913590	93113236	rs17552417	NA	NA	9e-04	NA	2
11	111312735	112012630	rs79892762	NA	NA	0.0056	NA	1
11	112727323	112926913	rs182441182	NA	NA	0.0046	NA	1
11	116673768	116973247	rs5092	NA	NA	0.0406	NA	1
11	119080377	119279939	rs35760686	NA	NA	0.0042	NA	1
11	127935061	128534409	rs1477577	NA	NA	0.0026	NA	2
11	130164589	130364418	rs10894196	NA	NA	0.1048	NA	1
12	2808391	3008282	rs28990703	NA	NA	0.0326	NA	1
12	4035451	4433938	rs35808169	NA	NA	0.2607	NA	2
12	6552284	6752145	rs6489722	NA	NA	0.0282	NA	1
12	8962214	9161766	rs12423765	NA	NA	0.0029	NA	1
12	12771180	12970792	rs7133313	NA	NA	0.0019	NA	2
12	26153650	26553475	rs1872992	rs11048456	0.9803	1	0.5	NA
12	27339117	27538737	rs11832262	NA	NA	0.0312	NA	1
12	27726951	28226726	rs4930973	NA	NA	0.0015	NA	2
12	30634849	30934171	rs12828190	NA	NA	0.04	NA	1
12	33591082	34856396	rs2389218	NA	NA	0.0947	NA	1
12	37856765	38756804	rs11520043	NA	NA	0.1239	NA	1
12	45880677	46079926	rs7964986	NA	NA	0.003	NA	1
12	47742628	48042460	rs7397389	NA	NA	0.0279	NA	1
12	48043325	48242923	rs12424297	NA	NA	0.0171	NA	1
12	54126732	54626492	rs1872635	NA	NA	0.0029	NA	1
12	55979181	56178523	rs12578814	NA	NA	0.0088	NA	1
12	57016559	57215866	rs145321310	rs2277339	0.6747	0.6912	1	NA
12	66066372	66465385	rs7965495	NA	NA	0.0102	NA	2
12	71304551	71603881	rs1796330	rs1796330	0.8732	0.8958	0.7743	NA
12	77801488	78101093	rs570121535	NA	NA	0.0026	NA	1
12	93992937	94192644	rs7962774	NA	NA	0.0024	NA	1
12	98673194	98872915	rs12580242	NA	NA	0.0145	NA	1
12	102315504	102615168	rs73185996	NA	NA	0.0071	NA	1
12	102814034	103113868	rs5742667	NA	NA	0.0145	NA	1
12	106891858	107291383	rs10778511	NA	NA	0.3139	NA	1
12	108446031	108645949	rs1426371	rs3764002	0.9985	1	1	NA
12	113408208	113607823	rs61942260	NA	NA	0.0027	NA	1
12	115287875	115487581	rs6489996	NA	NA	0.0024	NA	1
12	118355144	118554771	rs5745808	NA	NA	0.0035	NA	2
12	120735880	120935530	rs4767896	NA	NA	0.0027	NA	2
12	121097235	121496785	rs61953351	NA	NA	0.0465	NA	2
12	121500429	121700131	rs74581461	NA	NA	0.0459	NA	2
12	121838528	122038167	rs181617194	NA	NA	0.001	NA	2
12	122109042	124908813	rs7978610	rs863750	0.5637	1	0.9996	NA
12	125233023	125432921	rs188816408	NA	NA	0.0101	NA	1
12	128657196	128856870	rs186866447	NA	NA	0.007	NA	1
12	131340074	131540007	rs67851706	NA	NA	0.0148	NA	1
12	132966471	133166361	rs56412373	NA	NA	0.001	NA	2
12	133592962	133788583	rs12828318	rs12828318	0.5623	0.5845	0.9978	NA
13	22373655	22573489	rs7983747	NA	NA	0.0033	NA	1
13	26677240	26876577	rs75051115	NA	NA	0.0028	NA	2
13	29045344	29245259	rs111975640	NA	NA	0.009	NA	1
13	30921591	31121405	rs3742305	rs9579574	0.9087	0.9308	0.5287	NA
13	44584606	44784512	rs4406961	NA	NA	0.0047	NA	1
13	49723349	49923122	rs77244803	NA	NA	0.0032	NA	1
13	50133697	50333488	rs17073314	NA	NA	0.0107	NA	1
13	50338486	51338145	rs1239707	NA	NA	0.9685	NA	1
13	51352946	51551857	rs9526691	NA	NA	0.0815	NA	1
13	77936403	78235993	rs183320224	NA	NA	0.0046	NA	1
13	80504152	80803578	rs9574586	NA	NA	0.001	NA	2
13	80852205	81052044	rs9670582	NA	NA	0.0066	NA	1
13	93784390	93984067	rs1328369	NA	NA	0.0799	NA	1
13	100647612	100847510	rs138339557	NA	NA	0.0027	NA	1
13	110810478	111110418	rs8001365	NA	NA	0.0227	NA	1
14	23189196	23388871	rs17122782	NA	NA	0.3085	NA	2
14	23646291	23845820	rs139510113	NA	NA	0.005	NA	1
14	28216271	28416025	rs8016424	NA	NA	0.0011	NA	2
14	35054484	35254255	rs76204064	NA	NA	0.0142	NA	1
14	35275615	35474872	rs60019916	NA	NA	0.3667	NA	1
14	38748710	38948307	rs1952563	NA	NA	0.0389	NA	2
14	52222060	52621945	rs6572807	NA	NA	0.0691	NA	1
14	53877141	54076732	rs4901419	NA	NA	0.0036	NA	1
14	54228791	54427992	rs145834816	NA	NA	0.0529	NA	1
14	58549893	59049594	rs8020892	NA	NA	0.0279	NA	1
14	60698999	61098683	rs8015152	NA	NA	0.1948	NA	1
14	68720175	68920095	rs538332415	NA	NA	0.0025	NA	1
14	69038590	69238263	rs17106102	NA	NA	0.0058	NA	1
14	71259397	71658978	rs2189807	NA	NA	0.4787	NA	1
14	74877499	75077326	rs8008540	NA	NA	0.1056	NA	1
14	91214226	91613640	rs1286112	rs7492628	0.6197	0.9659	1	NA
14	98242713	98442502	rs2616765	NA	NA	0.0061	NA	1
15	31552308	31751664	rs7403010	NA	NA	0.216	NA	1
15	36005740	36205277	rs1497810	NA	NA	0.0038	NA	1
15	37242081	37441252	rs149743073	NA	NA	0.0147	NA	1
15	38752609	38951676	rs528014202	NA	NA	0.0012	NA	2
15	40287790	40487683	rs11634257	rs11634257	0.9937	0.9977	0.5651	NA
15	40542940	40742338	rs746673	NA	NA	0.0032	NA	1
15	40756555	41056440	rs573740761	NA	NA	0.0029	NA	1
15	41122497	41322069	rs146122316	NA	NA	0.0053	NA	1
15	41701139	42301066	rs2297383	rs1105881	0.8584	1	0.5306	NA
15	47773649	47973203	rs140489504	NA	NA	0.0039	NA	1
15	51399142	51798413	rs6493498	NA	NA	0.0055	NA	1
15	56264789	56864708	rs191641764	NA	NA	0.0036	NA	1
15	61213164	61413070	rs17303404	NA	NA	0.0051	NA	1
15	62159229	62459031	rs17205365	NA	NA	0.0281	NA	2
15	63700131	64199812	rs62014216	NA	NA	0.996	NA	2
15	66889544	67089461	rs2119261	NA	NA	0.0051	NA	1
15	67372922	67672502	rs17228058	NA	NA	0.0028	NA	1
15	68525794	68725405	rs117879876	NA	NA	0.0067	NA	1
15	74120762	74420226	rs11072468	NA	NA	0.0078	NA	1
15	75600366	76000140	rs7163907	rs11638974	0.7433	0.8044	0.2063	NA
15	77284160	77983968	rs2667773	NA	NA	0.0026	NA	2
15	78853410	79152975	rs12438758	NA	NA	0.0261	NA	1
15	82356785	82556618	rs117095191	NA	NA	0.0421	NA	1
15	89310469	89510313	rs75119808	NA	NA	0.0065	NA	1
15	90262615	90462264	rs3853639	NA	NA	0.0022	NA	2
15	91402803	91602313	rs182806755	NA	NA	9e-04	NA	2
15	93923221	94122763	rs2892477	NA	NA	0.0028	NA	1
15	95751538	95951366	rs113057202	NA	NA	0.0075	NA	1
15	96076382	96275825	rs16975547	NA	NA	0.0058	NA	1
15	98228529	98428050	rs12372965	NA	NA	0.0043	NA	1
15	99400940	99600039	rs2715439	NA	NA	0.0263	NA	1
15	100017346	100317174	rs12593181	NA	NA	0.0057	NA	1
16	194338	494156	rs55857387	NA	NA	0.0263	NA	2
16	1249506	1448884	rs4984797	NA	NA	0.015	NA	1
16	2055820	2255788	rs9926191	NA	NA	0.0032	NA	1
16	3217088	3416940	rs220381	NA	NA	0.0248	NA	1
16	4196742	4696689	rs1530088	rs3747577	0.639	0.8085	0.9481	NA
16	10865776	11265276	rs1861198	NA	NA	0.1376	NA	1
16	11521463	11721112	rs35555135	NA	NA	0.1693	NA	1
16	49727299	49927079	rs59914687	NA	NA	0.0032	NA	1
16	53328787	53627919	rs1861353	rs8054299	0.3878	0.7157	0.8436	NA
16	53697983	53897740	rs8058618	NA	NA	8e-04	NA	2
16	66959438	68057880	rs117090420	NA	NA	0.0109	NA	1
16	68148636	68348278	rs142270245	NA	NA	0.0076	NA	1
16	73709939	73909696	rs142487203	NA	NA	0.0187	NA	1
16	75067588	75566812	rs8061379	NA	NA	0.0039	NA	2
16	79644817	79844387	rs821220	NA	NA	0.0037	NA	1
16	81361075	81560629	rs2925979	rs2925979	0.9989	1	1	NA
16	85050304	85350097	rs4483834	NA	NA	0.0062	NA	1
16	86437270	86636987	rs12446190	NA	NA	0.0088	NA	1
17	1512487	1711591	rs1057355	NA	NA	0.0143	NA	1
17	3728315	4328063	rs8068804	NA	NA	0.9984	NA	2
17	7093302	7593110	rs1641523	rs727428	0.976	0.9998	0.5729	NA
17	8116821	8316456	rs35217368	NA	NA	0.0043	NA	1
17	17248281	18347763	rs1108646	NA	NA	0.7489	NA	1
17	21179461	21378880	rs2001651	NA	NA	0.0295	NA	1
17	27572530	27971685	rs797962	NA	NA	0.0738	NA	1
17	28473714	28673311	rs55672810	NA	NA	0.0873	NA	1
17	28779439	28979072	rs554388009	NA	NA	0.0701	NA	1
17	29298413	29798283	rs1129506	NA	NA	0.1994	NA	1
17	34788071	34942123	rs190682321	NA	NA	0.0044	NA	1
17	35943803	36143630	rs11263763	NA	NA	0.0674	NA	2
17	36824507	37024319	rs228287	NA	NA	0.0041	NA	1
17	39874075	40074012	rs549139713	NA	NA	0.0068	NA	1
17	40205430	41104900	rs684214	NA	NA	0.0181	NA	1
17	43317317	44410597	rs562958995	NA	NA	0.0035	NA	1
17	44525979	44872032	rs77266163	NA	NA	0.0027	NA	1
17	45214631	45413453	rs4144743	NA	NA	0.0637	NA	1
17	47259125	47457301	rs17637241	NA	NA	0.0352	NA	1
17	53502143	53801659	rs7221746	NA	NA	0.2025	NA	1
17	54645562	54845189	rs193023434	NA	NA	0.0035	NA	1
17	59363288	59562720	rs882367	NA	NA	0.2036	NA	1
17	61489066	62088808	rs9906903	NA	NA	0.007	NA	1
17	65267115	65466619	rs4247361	rs12450700	0.9715	0.9783	0.3734	NA
17	68104640	68704341	rs312750	rs8066985	0.5821	0.655	0.4438	NA
17	69208579	69407931	rs561317850	NA	NA	0.0046	NA	1
17	70148999	70348585	rs11653006	NA	NA	0.1426	NA	1
17	73096860	73496307	rs4788886	NA	NA	0.0056	NA	1
17	74048829	74348590	rs56751606	NA	NA	0.0744	NA	1
17	76260695	76460535	rs11658146	NA	NA	0.0037	NA	1
17	79801827	80001602	rs62078707	NA	NA	0.0125	NA	1
18	2746576	2946416	rs60345718	NA	NA	0.0279	NA	1
18	15172765	15371618	rs183074921	NA	NA	0.0113	NA	1
18	20586489	20786313	rs4493170	NA	NA	0.0439	NA	1
18	42244804	42543889	rs11660385	NA	NA	0.0048	NA	1
18	42641635	42841192	rs1349386	NA	NA	0.0211	NA	1
18	45235409	45534864	rs12457250	NA	NA	0.0044	NA	1
18	46459908	47059152	rs7245027	NA	NA	0.0065	NA	1
18	52951091	53150381	rs72926962	NA	NA	0.5491	NA	1
18	60746163	60945600	rs12454712	rs12454712	1	1	1	NA
19	2031338	2231057	rs7256735	NA	NA	0.0025	NA	1
19	3958397	4158352	rs72976945	rs72976945	0.6719	0.6968	0.5251	NA
19	4402474	4602012	rs60328144	NA	NA	0.0169	NA	1
19	7033935	7323129	rs62112763	NA	NA	0.6635	NA	2
19	7868378	8067910	rs58186620	NA	NA	7e-04	NA	2
19	8329334	8529246	rs116843064	rs116843064	0.985	0.9989	1	NA
19	8542340	8742073	rs2913925	NA	NA	0.1326	NA	1
19	9956366	10155884	rs62104304	NA	NA	0.0071	NA	1
19	10718670	10918024	rs144900553	NA	NA	0.0032	NA	1
19	11229642	11429131	rs56237989	NA	NA	0.0064	NA	1
19	12861842	13261586	rs2974755	NA	NA	0.0059	NA	1
19	13849802	14049392	rs61732721	NA	NA	0.0032	NA	1
19	17052308	17252202	rs62127864	NA	NA	0.0104	NA	1
19	18023153	18722808	rs539857896	NA	NA	0.0033	NA	1
19	19229947	19929666	rs73001065	rs10401969	0.9805	0.9998	0.6395	NA
19	33674766	34074549	rs73927890	NA	NA	0.9996	NA	1
19	45287674	45487420	rs4420638	rs429358	0.9526	0.9635	0.5218	NA
19	46047639	46247475	rs35089411	NA	NA	0.0382	NA	2
19	49106199	49305759	rs2548957	NA	NA	0.0034	NA	1
19	55885788	56085628	rs4801376	NA	NA	0.0028	NA	1
20	449488	649050	rs187412638	NA	NA	0.0233	NA	1
20	5548524	5748184	rs190296003	NA	NA	0.0026	NA	1
20	6343011	6842909	rs13037675	NA	NA	0.0225	NA	1
20	10744214	10943921	rs4813944	NA	NA	0.0059	NA	1
20	20995991	21295509	rs140024998	NA	NA	0.0028	NA	1
20	31867032	32066466	rs291680	NA	NA	0.0083	NA	2
20	32281419	32481242	rs111331389	NA	NA	7e-04	NA	2
20	33620611	34120472	rs62213709	NA	NA	0.0038	NA	1
20	38771725	38971606	rs573982062	NA	NA	0.0028	NA	1
20	39042654	39242491	rs548894077	NA	NA	0.0067	NA	1
20	39556434	40056227	rs4812492	NA	NA	0.0259	NA	1
20	42875247	43074372	rs1800961	NA	NA	0.1026	NA	2
20	45340230	45839939	rs6063048	NA	NA	0.9916	NA	2
20	48708115	48907991	rs6125967	NA	NA	7e-04	NA	2
20	50720762	51320605	rs4811340	rs1033662	0.6019	0.6772	0.1312	NA
20	51591870	51891748	rs2741370	NA	NA	0.0033	NA	1
20	55998797	56198644	rs1555273	NA	NA	0.0034	NA	1
20	57279854	57479573	rs568865798	NA	NA	6e-04	NA	2
20	62590891	62790549	rs4372964	rs6090040	0.5922	0.9901	0.4709	NA
21	35493863	35693742	rs8131284	NA	NA	0.0247	NA	1
21	36604712	36904295	rs78150243	NA	NA	0.0034	NA	1
21	39309943	39809475	rs2836258	NA	NA	0.0284	NA	1
21	46678985	46878884	rs1041458	NA	NA	0.0615	NA	1
21	47208795	47408449	rs867197	NA	NA	0.0036	NA	1
21	47417578	47617529	rs4458293	NA	NA	0.0065	NA	1
22	27546023	27745715	rs5752505	NA	NA	0.0058	NA	1
22	28081950	28581377	rs146623084	NA	NA	0.0548	NA	1
22	28592736	28891623	rs2345717	NA	NA	0.0141	NA	1
22	29034824	29634567	rs134641	NA	NA	0.0068	NA	1
22	29842085	30941525	rs962322	NA	NA	0.0099	NA	1
22	31461333	31961003	rs5753618	NA	NA	0.0052	NA	1
22	31997802	32197764	rs142200196	NA	NA	0.0026	NA	1
22	32245156	32644073	rs9606898	NA	NA	0.02	NA	2
22	35455550	35755501	rs25015	NA	NA	0.0548	NA	1
22	39731385	39930570	rs4821901	NA	NA	0.1121	NA	1
22	44224742	44424649	rs1977081	NA	NA	0.3329	NA	2
22	47090777	47290581	rs801656	NA	NA	0.0226	NA	1
22	50252066	50651913	rs74510325	NA	NA	0.0016	NA	2
