snp	V.df1	z.df1	r.df1	lABF.df1	V.df2	z.df2	r.df2	lABF.df2	internal.sum.lABF	SNP.PP.H4
rs111234831	0.2116	0.391304347826087	0.158982511923688	-0.0743997834363647	0.00080089	0.678445229681979	0.96962774365491	-1.52395888040158	-1.59835866383794	1.53201437300002e-06
rs111830277	0.004761	-1.73913043478261	0.893635084113402	0.230993272274157	0.00019321	0.935251798561151	0.992500034195942	-2.01236054036832	-1.78136726809416	1.27580180659309e-06
rs112623638	0.0121	0.490909090909091	0.767754318618042	-0.637468525223346	0.00054289	1.34763948497854	0.979208483756114	-1.04741910432333	-1.68488762954667	1.40502414461787e-06
rs112681922	0.0784	0.117857142857143	0.337837837837838	-0.203776062053115	0.00024025	-0.0258064516129032	0.990691048076391	-2.33805949796646	-2.54183556001958	5.96370331649888e-07
rs112692282	0.2116	0.434782608695652	0.158982511923688	-0.0715447099708165	0.00040804	0.673267326732673	0.984291823634283	-1.85370268159969	-1.92524739157051	1.10483358895249e-06
rs112758848	0.004761	0.0869565217391304	0.893635084113402	-1.11706116463037	0.00023716	0.662337662337662	0.9908096757762	-2.12747229919469	-3.24453346382506	2.9535083831376e-07
rs112991309	0.002116	-0.217391304347826	0.949757811758002	-1.4730078086609	0.00010201	0.0396039603960396	0.996026139330382	-2.76322747758637	-4.23623528624727	1.09558878692676e-07
rs113069003	0.004489	-0.686567164179104	0.899098653599766	-0.93489992782546	0.00019044	0.289855072463768	0.992606764238407	-2.41189748493214	-3.3467974127576	2.66640146436377e-07
rs113209007	9e-04	-1.23333333333333	0.97799511002445	-1.16442567511803	4.356e-05	-0.303030303030303	0.998299221505179	-3.14249900403204	-4.30692467915007	1.02081622799251e-07
rs113514783	0.0225	0.0213333333333333	0.64	-0.510679988210435	0.00101124	-0.0817610062893082	0.961954110092354	-1.63126584404234	-2.14194583225278	8.89581888105562e-07
rs113531567	0.000841	-1.51724137931034	0.979407947895497	-0.814116019695351	3.969e-05	-0.0952380952380952	0.998450089531912	-3.23025093780162	-4.04436695749697	1.32731785072977e-07
rs113869040	0.0784	0.0428571428571429	0.337837837837838	-0.205812138307941	0.00024025	-0.032258064516129	0.990691048076391	-2.33787393668795	-2.54368607499589	5.9526775989715e-07
rs114034324	0.2116	-0.132608695652174	0.158982511923688	-0.0851735534256357	0.00121801	-1.89684813753582	0.954528537439757	0.171877347128932	0.0867037937032962	8.26182833142639e-06
rs114176960	0.7744	0.795454545454545	0.0491159135559922	-0.00964255850524866	0.00054756	1.41880341880342	0.979033382726066	-0.947013242472758	-0.956655800978007	2.91038773911134e-06
rs114273822	0.2304	0.479166666666667	0.14792899408284	-0.0630604077885924	0.00154449	0.928753180661578	0.943034509807551	-1.02593229619861	-1.0889927039872	2.5496329636293e-06
rs114616486	0.1681	-0.268292682926829	0.192215281114849	-0.0998119259050922	0.00072361	-1.37546468401487	0.972477783867886	-0.876464005033248	-0.97627593093834	2.85384208391038e-06
rs114847269	0.001089	-0.363636363636364	0.973496556255932	-1.75087689223529	5.476e-05	-5.54054054054054	0.997862857654911	12.241849333956	10.4909724417207	0.272641918319159
rs114959421	0.005184	0.291666666666667	0.885269121813031	-1.04492836522217	0.00025921	1.4472049689441	0.989963779155309	-1.26408615328617	-2.30901451850834	7.52712145213144e-07
rs115012375	0.001444	0.368421052631579	0.96515780330084	-1.61296063956644	7.056e-05	1.35714285714286	0.997247921204525	-2.02931543618633	-3.64227607575277	1.98427009106664e-07
rs115622008	0.000324	1.27777777777778	0.991965082829084	-1.6021806386096	1.521e-05	2.74358974358974	0.999405475042288	0.0475308304108224	-1.55464980819878	1.60046195390969e-06
rs115825412	0.2116	0.391304347826087	0.158982511923688	-0.0743997834363647	0.00080656	0.690140845070423	0.969419295092589	-1.51282852976233	-1.5872283131987	1.54916147978972e-06
rs115932517	0.006724	-0.402439024390244	0.856091088091773	-0.899962323634104	0.00034596	1.09677419354839	0.986649790870186	-1.56468437300883	-2.46464669664293	6.44226710637128e-07
rs116559446	0.36	-0.0516666666666667	0.1	-0.0525467856066909	0.00079524	-0.780141843971631	0.969835546137251	-1.45541425228003	-1.50796103788673	1.67695739843281e-06
rs11661402	0.000144	-0.00833333333333333	0.996412913511359	-2.8151728868445	7.84e-06	2.75	0.99969346358952	-0.264996098430192	-3.0801689852747	3.4811344243908e-07
rs11665593	0.000529	-1.26086956521739	0.986947617755188	-1.3848715637749	3.364e-05	-0.741379310344828	0.998686034035006	-3.04289209592214	-4.42776365969705	9.046234947586e-08
rs116782200	0.2601	0.666666666666667	0.133288903698767	-0.041905033618354	0.00081796	0.576923076923077	0.969000463292917	-1.57563033799492	-1.61753537161327	1.5029152851643e-06
rs116808720	0.1764	-0.0976190476190476	0.184842883548983	-0.101306473561366	0.00071289	-1.40449438202247	0.972874454845468	-0.844091435963669	-0.945397909525035	2.94333769386529e-06
rs117157472	0.000324	1.16666666666667	0.991965082829084	-1.73689194615429	1.521e-05	2.61538461538462	0.999405475042288	-0.295788933369319	-2.03268087952361	9.92291104570947e-07
rs117455327	0.001156	0.676470588235294	0.971911750413063	-1.56382251520759	5.625e-05	0.106666666666667	0.997804834427445	-3.05507250097006	-4.61889501617765	7.47240787660345e-08
rs11872369	0.0361	0.247368421052632	0.525624178712221	-0.356795929532058	8.649e-05	1.20430107526882	0.996628691967086	-2.12350146811688	-2.48029739764894	6.34222600877622e-07
rs11872456	0.0484	0.909090909090909	0.452488687782805	-0.114207281356041	0.00010201	1.27722772277228	0.996026139330382	-1.95159457069648	-2.06580185205252	9.59963769740193e-07
rs11872465	0.0729	0.125925925925926	0.354295837023915	-0.215897821505347	0.00012544	1.90178571428571	0.99511786571113	-0.861520773254985	-1.07741859476033	2.57931412922504e-06
rs11872530	0.2116	0.869565217391304	0.158982511923688	-0.0264646026200542	0.00038416	0.704081632653061	0.985197515902876	-1.86228368594651	-1.88874828856656	1.14590398080542e-06
rs11872532	0.1296	0.638888888888889	0.235849056603774	-0.08636065222622	0.00038025	1.17948717948718	0.985345968555407	-1.42611816648553	-1.51247881871175	1.66939836034931e-06
rs11873452	0.0784	-0.535714285714286	0.337837837837838	-0.15764439147948	0.00010404	1.48039215686274	0.995947379944754	-1.66285615275944	-1.82050054423892	1.22683977284959e-06
rs11873537	0.1369	0.378378378378378	0.226116449971735	-0.111980366066618	0.00019881	0.297872340425532	0.992284332358877	-2.38822946144474	-2.50020982751136	6.21718593560416e-07
rs11876284	0.0784	-0.428571428571428	0.337837837837838	-0.175096473663705	0.00010201	1.66336633663366	0.996026139330382	-1.38611222720742	-1.56120870087112	1.58999904578225e-06
rs11877500	0.1225	0.4	0.246153846153846	-0.121591178200198	0.00024336	1.05769230769231	0.990571681238806	-1.77793602480371	-1.89952720300391	1.13361870973255e-06
rs12326109	0.2809	-1.88679245283019	0.124649423496416	0.155309679320469	0.00091809	0.785478547854786	0.96533721460993	-1.38324910562608	-1.22793942630561	2.21888028087927e-06
rs12326804	0.2304	-1.4375	0.14792899408284	0.0727979912909606	0.00096721	0.845659163987138	0.963550270632456	-1.3113742310285	-1.23857623973754	2.19540354548058e-06
rs12454452	9.216e-05	-1.25	0.997701296213524	-2.25825080533833	4.84e-06	-0.590909090909091	0.999810738485541	-4.11163667815549	-6.36988748349383	1.29722169456636e-08
rs12959124	0.000529	-1.69565217391304	0.986947617755188	-0.750538501323554	2.916e-05	-0.0740740740740741	0.998860821837444	-3.38598373438975	-4.1365222357133	1.21046547322042e-07
rs12959468	0.000529	1.60869565217391	0.986947617755188	-0.892330597636208	2.809e-05	0.207547169811321	0.998902577083071	-3.38588104766501	-4.27821164530122	1.05055181546336e-07
rs13381058	0.25	-1.76	0.137931034482759	0.13941758364776	0.00094249	1.00651465798046	0.964448735592824	-1.17986189075682	-1.04044430710906	2.67646745129686e-06
rs138023724	0.002116	-1.23913043478261	0.949757811758002	-0.766300022926983	9.216e-05	2.19791666666667	0.996408473868026	-0.407845233273779	-1.17414525620076	2.34151196772722e-06
rs138152098	0.1521	0.512820512820513	0.208224882873503	-0.0893589375066367	0.00055696	1.01694915254237	0.978681120790511	-1.41801217477846	-1.5073711122851	1.6779469703932e-06
rs138158108	0.006561	0.555555555555555	0.859088078005198	-0.847234804566701	0.00084681	0.649484536082474	0.967942140006449	-1.51595284687878	-2.36318765144548	7.13020195361103e-07
rs138271947	0.7921	0.786516853932584	0.0480711452950367	-0.00976387389016956	0.00054289	1.44635193133047	0.979208483756114	-0.912385408479969	-0.922149282370139	3.01256788979987e-06
rs138380115	0.1521	-0.666666666666667	0.208224882873503	-0.07046673906052	0.00059536	-0.594262295081967	0.977244722362875	-1.71892323724171	-1.78938997630223	1.26560736914533e-06
rs138603898	0.2116	0.434782608695652	0.158982511923688	-0.0715447099708165	0.00040804	0.653465346534653	0.984291823634283	-1.8666323065744	-1.93817701654522	1.09064045864167e-06
rs138682047	0.001024	-1.03125	0.975039001560063	-1.32675480449918	5.041e-05	-0.816901408450704	0.998032292941184	-2.78243576918586	-4.10919057368505	1.24400577460933e-07
rs138885921	0.2025	-0.162222222222222	0.164948453608247	-0.0879605160900934	0.00087616	-0.827702702702703	0.966867844467175	-1.37242890236918	-1.46038941845928	1.7586609550892e-06
rs139279040	0.2025	0.844444444444444	0.164948453608247	-0.0313196608018155	0.00081796	0.765734265734266	0.969000463292917	-1.45280530005393	-1.48412496085575	1.71740968076058e-06
rs139322631	0.0169	0.207692307692308	0.70298769771529	-0.591828787659781	0.00169744	-0.00242718446601942	0.937744448305788	-1.3882510196541	-1.98007980731388	1.04588384188411e-06
rs139471063	0.001764	0.230952380952381	0.957762666411263	-1.55668233090388	9.801e-05	0.898989898989899	0.996181366698402	-2.38138300512302	-3.9380653360269	1.47618620583085e-07
rs139728423	0.2116	0.41304347826087	0.158982511923688	-0.0730098134597162	0.00080656	0.704225352112676	0.969419295092589	-1.50330933612871	-1.57631914958843	1.56615405469808e-06
rs139761660	0.7225	0.317647058823529	0.0524590163934426	-0.0242959959463949	0.00131044	-0.610497237569061	0.951246119176763	-1.33321725383195	-1.35751324977835	1.94921917086722e-06
rs139784693	0.7225	0.788235294117647	0.0524590163934426	-0.0106457605388279	0.00055696	1.47881355932203	0.978681120790511	-0.853947370879871	-0.864593131418699	3.19104671100186e-06
rs139816080	0.3136	-1.69642857142857	0.113122171945701	0.102751425573531	0.000961	0.654838709677419	0.963775819762475	-1.45237405556673	-1.3496226299932	1.96466055916707e-06
rs140121555	0.003481	-1.69491525423729	0.91994204365125	0.058873877947085	0.00018496	0.485294117647059	0.99281798012229	-2.35117783754098	-2.2923039595939	7.6539606842796e-07
rs140309466	0.04	0.55	0.5	-0.270948590279973	0.00281961	-0.56120527306968	0.900675467801413	-1.01284686246355	-1.28379545274352	2.09834022719725e-06
rs140361149	0.001089	-0.484848484848485	0.973496556255932	-1.70081646326345	5.776e-05	-5.19736842105263	0.997746039248586	10.4283434003994	8.72752693713593	0.046745302767254
rs140363406	0.000529	1.56521739130435	0.986947617755188	-0.960428117575839	2.809e-05	0	0.998902577083071	-3.40739532531312	-4.36782344288895	9.60504863835194e-08
rs140408957	0.2304	-1.66666666666667	0.14792899408284	0.125414228552631	0.00093636	1.00326797385621	0.964671793876013	-1.18604322656277	-1.06062899801014	2.62298535864178e-06
rs140579867	9e-04	-0.5	0.97799511002445	-1.78599590060024	4.624e-05	0.132352941176471	0.998194771138397	-3.1497911119011	-4.93578701250134	5.44297230064796e-08
rs140711208	0.002209	0.2	0.947665189888412	-1.45609346820589	0.00011025	-0.523809523809524	0.995706523374185	-2.58873004172668	-4.04482350993257	1.32671199884431e-07
rs140854572	0.004096	0.296875	0.90711175616836	-1.1482050528142	0.00024025	0.793548387096774	0.990691048076391	-2.02646087549865	-3.17466592831285	3.16724232939632e-07
rs140952997	0.0225	-0.34	0.64	-0.473833623765991	0.00925444	0.576923076923077	0.73424102367703	-0.540390264452161	-1.01422388821815	2.74757369292858e-06
rs141084523	0.000529	-1.52173913043478	0.986947617755188	-1.02665995203767	2.809e-05	-0.0943396226415094	0.998902577083071	-3.40295022662549	-4.42961017866316	9.02954631586272e-08
rs141085417	9e-04	0.6	0.97799511002445	-1.73220616954889	4.624e-05	-0.132352941176471	0.998194771138397	-3.1497911119011	-4.88199728144999	5.74376559075491e-08
rs141160806	0.0225	-0.8	0.64	-0.306025623765991	0.003249	0.0350877192982456	0.887254993512569	-1.09076712384438	-1.39679274761037	1.87413902885799e-06
rs141202976	0.1225	0.4	0.246153846153846	-0.121591178200198	0.00037636	0.984536082474227	0.985493706261933	-1.63896124477077	-1.76055242297096	1.30263572672429e-06
rs141317555	0.1521	-0.897435897435897	0.208224882873503	-0.0328876921513967	0.000729	-1.5	0.972278460475117	-0.698959515858965	-0.731847208010361	3.64404711561415e-06
rs141322335	0.000529	-1.56521739130435	0.986947617755188	-0.960428117575839	2.704e-05	-0.5	0.998943555250667	-3.30155506470452	-4.26198318228036	1.06773974638232e-07
rs141343359	0.000841	-0.320689655172414	0.979407947895497	-1.89106298385243	4.225e-05	0.584615384615385	0.998350285422338	-3.03297083639146	-4.92403382024389	5.50732201708644e-08
rs141523426	0.1849	-1.30232558139535	0.177856825255669	0.0529068446900481	0.00106929	-1.8868501529052	0.959857765782977	0.100981350115466	0.153888194805514	8.83596488769467e-06
rs141634832	0.000529	-1.56521739130435	0.986947617755188	-0.960428117575839	2.704e-05	-0.557692307692308	0.998943555250667	-3.27107694217931	-4.23150505975515	1.10078344630297e-07
rs141767126	0.0576	-1.125	0.409836065573771	-0.00432807761269882	0.00098596	-1.73885350318471	0.962869904926248	-0.190991463680549	-0.195319541293248	6.23153428199729e-06
rs141851469	0.001521	0.187179487179487	0.963367934298307	-1.63653929828928	8.281e-05	1.20879120879121	0.996771672214415	-2.1396659792401	-3.77620527752938	1.73554577634451e-07
rs141870611	0.0484	0.0395454545454545	0.452488687782805	-0.300832267332631	0.00308025	1.25045045045045	0.892481247183115	-0.417291412778656	-0.718123680111287	3.69440102422359e-06
rs141935620	0.0121	0.190909090909091	0.767754318618042	-0.715988853263827	0.00055225	-0.182978723404255	0.978857594812982	-1.91185059547444	-2.62783944873827	5.47223847989043e-07
rs141965811	0.2809	-0.962264150943396	0.124649423496416	-0.00885569705012255	0.00695556	0.78537170263789	0.786139386212384	-0.528766595949236	-0.537622292999359	4.42521924429918e-06
rs142286544	0.0324	-0.105555555555556	0.552486187845304	-0.398946044565024	0.00032761	-1.14364640883978	0.987348938537052	-1.53931685750017	-1.9382629020652	1.09054679244112e-06
rs142365140	0.001089	0.666666666666667	0.973496556255932	-1.5989077328565	6.084e-05	5.1025641025641	0.99762613413666	9.96555929078276	8.36665155792626	0.0325845547657047
rs142389706	0.1225	-0.314285714285714	0.246153846153846	-0.129126500021234	0.00128164	-0.620111731843575	0.9522664547397	-1.33796885105471	-1.46709535107595	1.74690694806599e-06
rs142706590	0.1681	-1.24390243902439	0.192215281114849	0.0419768596882525	0.00748225	-1.53179190751445	0.77361153130291	0.164844372871011	0.206821232559263	9.31627946093229e-06
rs142707556	0.001849	0.744186046511628	0.955817343305694	-1.29503950077421	8.836e-05	1.20212765957447	0.996556051960364	-2.11550137835767	-3.41054087913189	2.50173960234799e-07
rs142797131	0.001521	-0.197435897435897	0.963367934298307	-1.63463916429658	8.649e-05	-1.06451612903226	0.996628691967086	-2.28154011432256	-3.91617927861913	1.50885024152877e-07
rs142933308	0.001764	-1.4047619047619	0.957762666411263	-0.637222026908705	8.464e-05	1.42391304347826	0.996700565496422	-1.84658276468572	-2.48380479159442	6.32002028854073e-07
rs142957957	0.001089	0.454545454545455	0.973496556255932	-1.71467247485387	5.476e-05	5.48648648648649	0.997862857654911	11.9444585042093	10.2297860293554	0.209971722594614
rs142987293	0.4096	-0.14375	0.0889679715302491	-0.045669392564992	0.00059049	-0.662551440329218	0.977426657099534	-1.68096014769222	-1.72662954025721	1.34758294509613e-06
rs143182152	0.001521	-0.435897435897436	0.963367934298307	-1.5618925343861	7.056e-05	-1.17857142857143	0.997247921204525	-2.25509541834679	-3.81698795273289	1.66618945743379e-07
rs143212015	0.000361	-1.47368421052632	0.991055722107976	-1.2822104163167	1.849e-05	-3.3953488372093	0.999277359810029	2.14373186173437	0.861521445417666	1.79297897678004e-05
rs143395672	0.0121	0.0127272727272727	0.767754318618042	-0.729917566323582	0.00073441	0.243542435424354	0.97207847962479	-1.76035036843148	-2.49026793475506	6.2793048093544e-07
rs143430239	0.1764	-0.164285714285714	0.184842883548983	-0.099692765847843	0.00072361	-1.33828996282528	0.972477783867886	-0.925517278358904	-1.02521004420675	2.71755362426676e-06
rs143452183	0.1681	-0.11219512195122	0.192215281114849	-0.105520067983173	0.000729	-1.57777777777778	0.972278460475117	-0.582586186546542	-0.688106254529715	3.80697862389228e-06
rs143479604	0.001296	-0.188888888888889	0.968616815187912	-1.71346187686943	6.4e-05	0.3625	0.997503144554535	-2.93082250652735	-4.64428438339678	7.28507634654642e-08
rs143612640	0.1024	-0.625	0.280898876404494	-0.110013581388481	0.00068121	-1.52490421455939	0.974048599896127	-0.693271248427868	-0.803284829816349	3.39280593052302e-06
rs143753406	0.002209	-0.276595744680851	0.947665189888412	-1.43879611172952	0.00011025	0.314285714285714	0.995706523374185	-2.67615352604652	-4.11494963777604	1.23686205593516e-07
rs143838305	0.09	0.6	0.307692307692308	-0.128477774678043	0.00352836	-0.606060606060606	0.878736350501213	-0.893510004747506	-1.02198777942555	2.72632442493337e-06
rs143963232	0.49	0.457142857142857	0.0754716981132076	-0.0313497853872859	0.001936	0.395454545454545	0.929610854752605	-1.25416983702243	-1.28551962240972	2.09472544976845e-06
rs143978892	0.000529	1.52173913043478	0.986947617755188	-1.02665995203767	2.704e-05	0.423076923076923	0.998943555250667	-3.33702051637023	-4.3636804684079	9.64492465537363e-08
rs144143183	0.2401	-1.73469387755102	0.142806140664049	0.137817877014881	0.00093636	0.758169934640523	0.964671793876013	-1.39427968085085	-1.25646180383597	2.1564865780384e-06
rs144475662	0.003136	-1.03571428571429	0.927299703264095	-0.813345818106769	0.00010404	1.20588235294118	0.995947379944754	-2.03006627862142	-2.84341209672819	4.4110603963071e-07
rs144590954	0.000484	0.372727272727273	0.988044659618615	-2.14465624491513	2.5e-05	1.72	0.999023179588566	-1.9878487823322	-4.13250502724733	1.21533794568337e-07
rs144722801	0.0256	-0.26875	0.609756097560976	-0.448471378787141	0.00081796	0.541958041958042	0.969000463292917	-1.59458481915865	-2.04305619794579	9.82048992856454e-07
rs145046027	0.001156	0.911764705882353	0.971911750413063	-1.38221962758716	6.4e-05	5.0125	0.997503144554535	9.5348496030776	8.15262997549044	0.0263065199018705
rs145178999	0.002209	0.234042553191489	0.947665189888412	-1.44909215725117	0.00011025	-0.438095238095238	0.995706523374185	-2.62977753513925	-4.07886969239042	1.28230279168147e-07
rs145505713	0.001764	0.5	0.957762666411263	-1.46250505012022	8.836e-05	-1.29787234042553	0.996556051960364	-1.99623270192625	-3.45873775204647	2.38402314567843e-07
rs145610174	0.2025	1.06666666666667	0.164948453608247	0.00370643058166424	0.00082369	0.752613240418119	0.968790081843431	-1.45913539301119	-1.45542896242953	1.76740638816368e-06
rs145610536	0.000256	-0.6	0.993640699523052	-2.35006312187612	1.6e-05	-0.875	0.999374615016708	-3.30599846748617	-5.65606158936229	2.64865168814843e-08
rs145692579	0.4624	0.661764705882353	0.0796178343949045	-0.024049529234234	0.00054289	1.62660944206009	0.979208483756114	-0.641181688356981	-0.665231217591215	3.89506707268083e-06
rs145715379	0.006889	1.56626506024096	0.853078547207234	0.0874516914912005	0.00030976	1.48863636363636	0.988029987227591	-1.11791923753622	-1.03046754604502	2.70330357374915e-06
rs145773774	0.007744	-0.0613636363636364	0.837801608579088	-0.907890158055953	4e-04	-0.55	0.984596569201206	-1.93766227652415	-2.8455524345801	4.40162933320483e-07
rs145790363	0.001089	0.575757575757576	0.973496556255932	-1.65388481110235	5.476e-05	5.59459459459459	0.997862857654911	12.5421557600727	10.8882709489703	0.40563664140011
rs145966050	0.0289	-0.705882352941176	0.58055152394775	-0.289771617664322	0.00199809	-0.272930648769575	0.927517012869624	-1.27765580308182	-1.56742742074614	1.58014196808393e-06
rs146003084	0.2116	0.5	0.158982511923688	-0.0666985984306095	0.00088804	-1.06711409395973	0.966433679510931	-1.14686132564109	-1.2135599240717	2.25101717737863e-06
rs146102285	0.0729	-0.122222222222222	0.354295837023915	-0.216060632349521	0.00104976	-1.41975308641975	0.960562026869769	-0.648411195772666	-0.864471828122187	3.1914338189655e-06
rs146222654	0.1225	0.222857142857143	0.246153846153846	-0.135170832831281	0.00038416	0.959183673469388	0.985197515902876	-1.65327286351293	-1.78844369634421	1.26680555485363e-06
rs146361305	0.3364	0.160344827586207	0.106269925611052	-0.0548096152720155	0.00071824	-0.686567164179104	0.972676448943701	-1.57075571306078	-1.62556532833279	1.49089526517915e-06
rs146379311	0.2116	-0.239130434782609	0.158982511923688	-0.0820258349298687	9e-04	-0.98	0.96599698457159	-1.22678128262259	-1.30880711755246	2.04650815012747e-06
rs146432765	0.002116	1.34782608695652	0.949757811758002	-0.632768383513937	0.00010404	-0.92156862745098	0.995947379944754	-2.33127239463412	-2.96404077814806	3.90980082112938e-07
rs146452350	0.1225	-0.6	0.246153846153846	-0.0969757935848129	0.00132496	-0.686813186813187	0.950732528631797	-1.28100947348653	-1.37798526707135	1.90972041143252e-06
rs146512588	0.0144	0.0833333333333333	0.735294117647059	-0.662014869064808	0.00073441	1.41328413284133	0.97207847962479	-0.818377585922831	-1.48039245498764	1.72383190050242e-06
rs146519033	0.000324	1.16666666666667	0.991965082829084	-1.73689194615429	1.521e-05	2.61538461538462	0.999405475042288	-0.295788933369319	-2.03268087952361	9.92291104570947e-07
rs146597482	0.001296	1.69444444444444	0.968616815187912	-0.340223324485194	6.889e-05	1.40963855421687	0.997312881829095	-1.96877231954925	-2.30899564403444	7.52726352392956e-07
rs146751985	0.003364	1.72413793103448	0.922424130615257	0.0927733554448542	0.00017956	-0.5	0.993026200511132	-2.35866926612601	-2.26589591068116	7.85877938049385e-07
rs146942704	0.0361	0.163157894736842	0.525624178712221	-0.365881510903704	0.00140625	-1.376	0.947867412554184	-0.579647818417257	-0.945529329320961	2.94295090644254e-06
rs146972424	0.000576	-1.375	0.985804416403785	-1.1955189511688	3.136e-05	-0.0535714285714286	0.998774980896957	-3.35096622925336	-4.54648518042216	8.03355482103859e-08
rs147038252	0.2209	-0.146808510638298	0.153315446531238	-0.0815613569720784	0.001225	-1.83428571428571	0.954279513645712	0.0627819720945137	-0.0187793848775646	7.43473347620907e-06
rs147533872	0.000529	-1.47826086956522	0.986947617755188	-1.0910261010217	2.704e-05	-0.480769230769231	0.998943555250667	-3.31097557530323	-4.40200167632493	9.2823117487264e-08
rs147762848	0.2116	0.41304347826087	0.158982511923688	-0.0730098134597162	0.00080089	0.678445229681979	0.96962774365491	-1.52395888040158	-1.59696869386129	1.53414530760676e-06
rs147988956	0.001225	0.714285714285714	0.970285021224985	-1.51053032313648	7.225e-05	1.07058823529412	0.997182191222968	-2.36443310665751	-3.87496342979399	1.5723381518068e-07
rs148071652	0.16	-0.65	0.2	-0.0693217756571048	0.00049284	-2.0045045045045	0.981089042164412	-0.0129801948597765	-0.0823019705168814	6.97714736620702e-06
rs148101277	0.003136	0.446428571428571	0.927299703264095	-1.21830020063871	0.00015376	0.548387096774194	0.994022237957082	-2.41038914816664	-3.62868934880535	2.0114138065516e-07
rs148138783	0.001444	1.15789473684211	0.96515780330084	-1.03145974699599	8.1e-05	-0.122222222222222	0.996842011790599	-2.87146450000073	-3.90292424699672	1.52898323616118e-07
rs148409285	0.002116	-0.158695652173913	0.949757811758002	-1.48349060341214	0.00010404	-0.852941176470588	0.995947379944754	-2.39191567271899	-3.87540627613113	1.57164200177065e-07
rs148875314	0.001521	0.333333333333333	0.963367934298307	-1.59989521424008	8.281e-05	1.27472527472527	0.996771672214415	-2.05805612611108	-3.65795134035116	1.95340864494275e-07
rs149148244	0.1521	1.53846153846154	0.208224882873503	0.129681044477325	0.00080089	0.759717314487632	0.96962774365491	-1.46729263841857	-1.33761159394125	1.98840045293073e-06
rs149202478	0.000324	1.33333333333333	0.991965082829084	-1.53023255389823	1.521e-05	2.58974358974359	0.999405475042288	-0.362481672170629	-1.89271422606886	1.14136839709955e-06
rs149234378	0.000484	-0.727272727272727	0.988044659618615	-1.9519875362895	2.401e-05	-2.93877551020408	0.999061825386305	0.828362287888524	-1.12362524840098	2.46284421876476e-06
rs149650079	0.000289	0.488235294117647	0.992826826180844	-2.3503716316448	1.764e-05	1.52380952380952	0.999310557250553	-2.4796161571234	-4.8299877887682	6.05040077824085e-08
rs149667108	0.002704	1.34615384615385	0.936680404645935	-0.531086803267892	0.00013456	-0.810344827586207	0.994764772870826	-2.29956203349575	-2.83064883676365	4.46772072293804e-07
rs149773868	0.000529	-0.652173913043478	0.986947617755188	-1.95950269093671	3.481e-05	-0.0508474576271186	0.998640396401065	-3.2989900721751	-5.25849276311181	3.94172931653692e-08
rs149879346	0.002304	0.208333333333333	0.94553706505295	-1.43459798314022	0.00012544	1.30357142857143	0.99511786571113	-1.81558526719431	-3.25018325033453	2.9368687407939e-07
rs150267413	0.000484	0.727272727272727	0.988044659618615	-1.9519875362895	2.401e-05	2.91836734693878	0.999061825386305	0.768651595700714	-1.18333594058879	2.3200904601855e-06
rs150286779	0.001444	-1.47368421052632	0.96515780330084	-0.630424648671542	7.744e-05	-1.80681818181818	0.996980388213155	-1.27394643070986	-1.9043710793814	1.12814087852259e-06
rs150338086	0.003844	-1.53225806451613	0.912325517744731	-0.146076528455936	0.00017424	-0.303030303030303	0.993231421578577	-2.45212918616768	-2.59820571462362	5.6368279965429e-07
rs150344109	0.1521	1.43589743589744	0.208224882873503	0.0979202470896504	0.00866761	-0.99140708915145	0.746826504976942	-0.319816726054344	-0.221896478964693	6.06810058712763e-06
rs150491680	0.7744	0.772727272727273	0.0491159135559922	-0.0105178162623157	0.00055696	1.48728813559322	0.978681120790511	-0.841647083883438	-0.852164900145753	3.23095324769722e-06
rs150493907	0.1369	-0.594594594594595	0.226116449971735	-0.088196020708013	0.00133956	-0.808743169398907	0.950216667264102	-1.18928554102823	-1.27748156173624	2.11163083225113e-06
rs150551372	0.1764	-0.714285714285714	0.184842883548983	-0.0550334048760976	0.00776161	-1.7900113507378	0.767127370340534	0.500360175705731	0.445326770829633	1.18256261907444e-05
rs150816180	0.1225	-1.57142857142857	0.246153846153846	0.162641160889285	0.00087025	1.29830508474576	0.967083975902431	-0.891841356843928	-0.729200195954644	3.6537057298554e-06
rs150846103	0.002025	0.444444444444444	0.951814396192742	-1.42234112925029	9.409e-05	0.0515463917525773	0.996333536467749	-2.80294020404223	-4.22528133329251	1.10765578496215e-07
rs150862011	0.001444	0.289473684210526	0.96515780330084	-1.63802533321172	7.056e-05	0.297619047619048	0.997247921204525	-2.9035327004452	-4.54155803365692	8.07323499944423e-08
rs151062917	0.0625	1.88	0.390243902439024	0.44229090347219	0.00112896	0.794642857142857	0.957712420533812	-1.2792536973911	-0.836962793918914	3.28044578442633e-06
rs151171769	0.6889	0.783132530120482	0.0548772122376183	-0.0113922101579766	0.00201601	0.394209354120267	0.926914455091412	-1.23604061441227	-1.24743282457025	2.17604561684129e-06
rs151335047	0.1225	-0.628571428571429	0.246153846153846	-0.0926555424074189	0.00120409	-0.752161383285303	0.955024834805294	-1.28067131649752	-1.37332685890494	1.91863742200463e-06
rs180744388	0.001936	-0.909090909090909	0.95383441434567	-1.14361387665438	8.464e-05	1.80434782608696	0.996700565496422	-1.23453749186345	-2.37815136851783	7.02430193389862e-07
rs180759134	0.09	1.7	0.307692307692308	0.260752994552726	0.00269361	0.737957610789981	0.904690955314236	-0.928976333173072	-0.668223338620346	3.88342997906109e-06
rs180773406	0.1936	-0.318181818181818	0.171232876712329	-0.0852402581395744	0.00329476	0.0679442508710801	0.88584832104645	-1.08306887440607	-1.16830913254564	2.35521727514462e-06
rs181120683	0.005476	0.162162162162162	0.879584835957428	-1.0468398727065	0.00029929	-0.138728323699422	0.988429896830467	-2.2201539730035	-3.26699384571	2.88791088699307e-07
rs181485412	0.002601	1.62745098039216	0.938945095185559	-0.15454743307532	0.00013225	-0.773913043478261	0.994854183872505	-2.33685597017815	-2.49140340325347	6.27217890293819e-07
rs181523416	0.003969	-1.47619047619048	0.909731856535286	-0.21126955751894	0.00018225	-0.740740740740741	0.992922464993973	-2.20300808551243	-2.41427764303137	6.77506910645708e-07
rs181864523	0.001521	-0.256410256410256	0.963367934298307	-1.62174675515612	7.396e-05	-0.895348837209302	0.997115692190344	-2.52456649943796	-4.14631325459408	1.19867161408344e-07
rs181993902	0.005625	1.14666666666667	0.876712328767123	-0.470247264478384	0.000324	-1.85	0.987486598683843	-0.500641109840146	-0.97088837431853	2.86925881167814e-06
rs182092771	0.000961	0.709677419354839	0.976538658724152	-1.630287671368	4.761e-05	-0.231884057971014	0.998141385176416	-3.11712675449048	-4.74741442585848	6.57120928429458e-08
rs182335716	0.3969	-0.117460317460317	0.0915541313801785	-0.0473784052882192	0.00059536	-0.663934426229508	0.977244722362875	-1.67608999175989	-1.7234683970481	1.35184958795329e-06
rs182661865	0.002809	0.415094339622641	0.934382956854867	-1.28146126786242	0.00014641	0.570247933884298	0.994306358612975	-2.42253702028843	-3.70399828815085	1.86549964206701e-07
rs182758946	0.1156	-0.852941176470588	0.25706940874036	-0.0550662184317949	0.00236196	-1.16049382716049	0.915433475841339	-0.618680242473594	-0.673746460905389	3.86204044328593e-06
rs182810365	0.000529	1.56521739130435	0.986947617755188	-0.960428117575839	2.704e-05	0.519230769230769	0.998943555250667	-3.29176512231764	-4.25219323989348	1.07824419204454e-07
rs182879883	0.001681	0.121951219512195	0.959669873563494	-1.59819211439187	8.281e-05	0.362637362637363	0.996771672214415	-2.80235483823979	-4.40054695263166	9.29582477403156e-08
rs182909898	0.001296	0.388888888888889	0.968616815187912	-1.65749734976968	6.889e-05	-0.626506024096386	0.997312881829095	-2.76391544677327	-4.42141279654295	9.10386916760459e-08
rs183007556	0.0441	-0.142857142857143	0.475624256837099	-0.317920083519815	0.00195364	0.339366515837104	0.929015025724713	-1.2691463677808	-1.58706645130061	1.54941225030183e-06
rs183069716	0.002209	-1.23404255319149	0.947665189888412	-0.753465581694784	0.00010404	-1.49019607843137	0.995947379944754	-1.64835345878965	-2.40181904048444	6.86000499228414e-07
rs183074921	0.006241	3.29113924050633	0.865033195648883	3.68348248763901	0.00030625	2.58857142857143	0.98816401828092	1.09239078249621	4.77587327013522	0.000898579683301784
rs183243800	0.1444	-0.631578947368421	0.216919739696312	-0.0789962715337273	0.00070756	-1.45864661654135	0.973071800718404	-0.772112535493228	-0.851108807026955	3.2343672376176e-06
rs183251449	0.0144	-1.41666666666667	0.735294117647059	0.0732792485822512	0.00065025	0.345098039215686	0.975198801289963	-1.79036213793483	-1.71708288935258	1.36050945329348e-06
rs183290951	0.0625	0.48	0.390243902439024	-0.202392023357078	0.01677025	-0.153667953667954	0.60390061888264	-0.455914862107524	-0.658306885464602	3.92213140382001e-06
rs183342261	0.006724	-0.865853658536585	0.856091088091773	-0.648380528561328	4e-04	-1.415	0.984596569201206	-1.10089057473139	-1.74927110329272	1.31741438140836e-06
rs183349258	0.002025	1.55555555555556	0.951814396192742	-0.364769577925017	0.00010816	-1.04807692307692	0.995787571596275	-2.18793897453683	-2.55270855246185	5.899211261587e-07
rs183827866	0.2116	-0.106521739130435	0.158982511923688	-0.0856694346064941	0.00121801	-1.89684813753582	0.954528537439757	0.171877347128932	0.0862079125224378	8.2577324618536e-06
rs183895794	0.3969	-0.650793650793651	0.0915541313801785	-0.0286219186901212	0.00236196	1.25102880658436	0.915433475841339	-0.518748250648613	-0.547370169338735	4.38229231743158e-06
rs183974892	0.0256	-1.0625	0.609756097560976	-0.126312937476166	0.00110889	1.36036036036036	0.958432936110628	-0.703395019334997	-0.829707956811163	3.30433142267688e-06
rs184540951	0.0121	0.0590909090909091	0.767754318618042	-0.728639350559238	0.00089401	0.635451505016722	0.966215647828286	-1.49880049829205	-2.22743984885128	8.16688334938949e-07
rs184578780	0.001936	-0.818181818181818	0.95383441434567	-1.21850170257408	9.025e-05	-0.326315789473684	0.9964826458137	-2.77196938202623	-3.99047108460031	1.40081768292882e-07
rs184583707	0.0625	-0.56	0.390243902439024	-0.186157877015615	0.00257049	0.216962524654832	0.908649397905098	-1.1751388954374	-1.36129677245302	1.94185818993654e-06
rs184597305	0.2116	0.434782608695652	0.158982511923688	-0.0715447099708165	0.00040804	0.693069306930693	0.984291823634283	-1.84038709767052	-1.91193180764133	1.11964347565734e-06
rs184649581	0.004489	1.64179104477612	0.899098653599766	0.0649442420943509	0.00024649	-0.904458598726115	0.990451575808023	-1.92057241572282	-1.85562817362847	1.18449194391237e-06
rs184763605	0.000625	-0.376	0.984615384615385	-2.01759314264012	3.249e-05	-0.56140350877193	0.998730895603549	-3.17733495792338	-5.1949281005635	4.20041866469117e-08
rs184893820	0.2025	0.244444444444444	0.164948453608247	-0.085202822313843	0.00026896	1.19512195121951	0.98959020359174	-1.57577997966452	-1.66098280197836	1.43901566659705e-06
rs184965865	0.001849	0.230232558139535	0.955817343305694	-1.53437895500018	8.836e-05	-1.07446808510638	0.996556051960364	-2.26031554435101	-3.79469449935119	1.70375171496219e-07
rs185160356	0.0289	-1.29411764705882	0.58055152394775	0.0517292787755306	0.00139129	1.03217158176944	0.948393389678987	-0.976853944885958	-0.925124666110427	3.00361766606209e-06
rs185545030	0.0016	0.85	0.961538461538462	-1.28169249977997	8.649e-05	0.860215053763441	0.996628691967086	-2.47748959873579	-3.75918209851576	1.76534318652968e-07
rs185553492	0.0841	0.168965517241379	0.32232070910556	-0.189939539889537	0.00876096	-0.256410256410256	0.744795690025472	-0.658361669025663	-0.848301208915199	3.24346080052827e-06
rs185586326	0.003844	-0.483870967741935	0.912325517744731	-1.11026029948559	0.00019881	-0.290780141843972	0.992284332358877	-2.39030077575453	-3.50056107524011	2.286371663738e-07
rs185668158	0.0289	0.588235294117647	0.58055152394775	-0.333965851321245	0.00148996	0.870466321243523	0.944934993591224	-1.09162631778724	-1.42559216910848	1.82093471306165e-06
rs185702836	0.0196	-0.114285714285714	0.671140939597315	-0.55168004267923	0.00093025	-0.265573770491803	0.964894227097095	-1.64066812717997	-2.1923481698592	8.45856079287701e-07
rs185925136	0.0121	0.536363636363636	0.767754318618042	-0.619543682660569	0.00159201	0.453634085213033	0.941384561865248	-1.32151769845454	-1.94106138111511	1.08749918640928e-06
rs186080464	0.0121	0.0545454545454545	0.767754318618042	-0.728837634215906	0.00070225	0.290566037735849	0.973268485710048	-1.76987019087361	-2.49870782508951	6.22653118046979e-07
rs186082238	0.002809	-1.09433962264151	0.934382956854867	-0.802461104860996	0.00016384	0.9609375	0.993632850707767	-2.0695409913771	-2.87200209623809	4.28673389747655e-07
rs186244464	0.0036	-0.8	0.917431192660551	-0.953483670795086	0.00018225	0.348148148148148	0.992922464993973	-2.41524015477904	-3.36872382557413	2.60857314572815e-07
rs186345753	0.009216	1.25	0.812743823146944	-0.202682723131272	0.00039204	-1.49494949494949	0.984898468427711	-0.995917569691847	-1.19860029282312	2.28494470320489e-06
rs186501998	0.002116	-0.891304347826087	0.949757811758002	-1.11819516679195	0.00011449	-4.50467289719626	0.995542140712023	7.39426603714804	6.27607087035609	0.00402795059077567
rs186528577	0.000961	-0.129032258064516	0.976538658724152	-1.86807127817492	5.184e-05	1.45833333333333	0.997976587177002	-2.0402684154338	-3.90833969360872	1.52072548895095e-07
rs186611732	0.003136	-0.357142857142857	0.927299703264095	-1.25156589471308	0.00020449	-1.07692307692308	0.992065644822295	-1.84299592589888	-3.09456182061196	3.43138987114332e-07
rs186835423	0.04	0.85	0.5	-0.165948590279973	0.00414736	-0.661490683229814	0.860431561552984	-0.79635061342118	-0.962299203701153	2.89400950696677e-06
rs187038612	0.0121	-3	0.767754318618042	2.72491468570288	0.000529	0.395652173913044	0.979729657850647	-1.87261446436684	0.852300221336037	1.77652151146527e-05
rs187234312	0.006561	-0.703703703703704	0.859088078005198	-0.767100388511347	0.00084681	-0.604810996563574	0.967942140006449	-1.5430715952068	-2.31017198371815	7.51841411111488e-07
rs187269738	0.1024	0.303125	0.280898876404494	-0.151971479474858	0.00432964	-0.413373860182371	0.855185722687914	-0.89308541098829	-1.04505689046315	2.66415045051759e-06
rs187323745	0.001296	1.80555555555556	0.968616815187912	-0.151881165976433	6.724e-05	1.6219512195122	0.997377072794281	-1.65981938723371	-1.81170055321014	1.23768359463305e-06
rs187384063	0.0729	-0.518518518518518	0.354295837023915	-0.171078669118041	8.836e-05	1.1063829787234	0.996556051960364	-2.22563458170073	-2.39671325081878	6.89512030429338e-07
rs187629411	0.001369	-0.324324324324324	0.966907587807295	-1.65337293086857	7.569e-05	0.896551724137931	0.99704842441609	-2.51199182605415	-4.16536475692272	1.17605127890572e-07
rs187772523	0.002916	0.981481481481482	0.932053313449529	-0.895589724036998	0.00017956	-1.04477611940298	0.993026200511132	-1.94082512166389	-2.83641484570089	4.44203393162169e-07
rs187780837	0.002809	-1.37735849056604	0.934382956854867	-0.475643285313147	0.00015376	0.42741935483871	0.994022237957082	-2.46905688886292	-2.94470017417607	3.98615471558066e-07
rs187790953	0.0625	0.64	0.390243902439024	-0.167426169698541	0.00456976	-0.773668639053254	0.848372158737481	-0.689260925182583	-0.856687094881124	3.21637523507987e-06
rs187791235	0.0064	0.105	0.862068965517241	-0.985748579260878	0.00041616	-0.715686274509804	0.983984237183781	-1.81508920274653	-2.8008377820074	4.60291329464726e-07
rs187851847	0.04	1.5	0.5	0.215926409720027	0.00203401	-0.984478935698448	0.926309994958157	-0.855054796776855	-0.639128387056828	3.99807793709636e-06
rs187930421	0.0144	-0.233333333333333	0.735294117647059	-0.64455163377069	0.00076729	0.28158844765343	0.970864836328098	-1.72941379690528	-2.37396543067597	7.05376685130892e-07
rs188004819	0.002304	-0.6875	0.94553706505295	-1.23166044899582	0.00010816	-0.461538461538462	0.995787571596275	-2.62879777507203	-3.86045822406786	1.59531145360516e-07
rs188022595	0.003844	-0.140322580645161	0.912325517744731	-1.20808015478373	0.00024336	1.41025641025641	0.990571681238806	-1.34698280015234	-2.55506295493607	5.88533848145899e-07
rs188226645	0.1296	-0.666666666666667	0.235849056603774	-0.082084068252309	0.00133225	-0.684931506849315	0.950474881283003	-1.27968894852765	-1.36177301677995	1.94093361117004e-06
rs188280048	0.000576	0.958333333333333	0.985804416403785	-1.67472943136508	3.721e-05	0.0491803278688525	0.998546793793914	-3.26578389860959	-4.94051332997468	5.41730778266104e-08
rs188604840	0.0441	-0.80952380952381	0.475624256837099	-0.166928255952482	0.00702244	1.38066825775656	0.78452613356246	-0.0197083769311504	-0.186636632883633	6.28587771150449e-06
rs188706476	0.1764	-0.128571428571429	0.184842883548983	-0.100659418682729	0.000729	-1.30740740740741	0.972278460475117	-0.96180812901457	-1.0624675476973	2.61816730020832e-06
rs188775299	0.3364	0.011551724137931	0.106269925611052	-0.0561686493529449	0.00110889	-0.81981981981982	0.958432936110628	-1.26814001699453	-1.32430866634748	2.01502872447305e-06
rs188847085	0.006241	-1.26582278481013	0.865033195648883	-0.308338700421853	0.00025281	0.893081761006289	0.990209151361023	-1.91826062115957	-2.22659932158142	8.17375072325762e-07
rs188871845	0.0169	1.61538461538462	0.70298769771529	0.310220899843468	0.000676	0.576923076923077	0.97424196777618	-1.66737092117309	-1.35715002132962	1.94992731132348e-06
rs188876081	0.2209	-0.0808510638297872	0.153315446531238	-0.0827124374069903	0.00121801	-1.86532951289398	0.954528537439757	0.115283987196574	0.0325715497895835	7.82648634597494e-06
rs188901293	0.1225	0.428571428571429	0.246153846153846	-0.118677520429397	0.00037636	0.984536082474227	0.985493706261933	-1.63896124477077	-1.75763876520016	1.30643669610497e-06
rs188904467	0.6889	0.771084337349398	0.0548772122376183	-0.0119060118983346	0.00055696	1.46610169491525	0.978681120790511	-0.872266012585274	-0.884172024483608	3.12917719338998e-06
rs188953147	0.3025	0.8	0.116788321167883	-0.0247229273419693	0.00148225	1.2987012987013	0.945204321377426	-0.654969323531979	-0.679692250873948	3.83914569309676e-06
rs189273434	0.0324	0.833333333333333	0.552486187845304	-0.210188456405963	0.00126736	1.41011235955056	0.952773183285831	-0.579141564677118	-0.789330021083081	3.44048378228726e-06
rs189306301	0.009604	-0.887755102040816	0.80638658172728	-0.503185588504682	0.00041616	-0.67156862745098	0.983984237183781	-1.84520031208076	-2.34838590058544	7.23652637911108e-07
rs189513511	0.0225	0.18	0.64	-0.500457623765991	0.00234256	0.940082644628099	0.91606976748929	-0.834093903143266	-1.33455152690926	1.99449441080762e-06
rs189904124	0.000961	-0.806451612903226	0.976538658724152	-1.55864773854797	5.041e-05	-0.394366197183099	0.998032292941184	-3.0378338366118	-4.59648157515976	7.64178127968847e-08
rs189978007	0.006561	-0.777777777777778	0.859088078005198	-0.719962496714079	0.00038809	-1.3248730964467	0.985048348970593	-1.2369446456139	-1.95690714232798	1.07040274477279e-06
rs189996318	0.000256	0.625	0.993640699523052	-2.33484799866468	1.6e-05	1.125	0.999374615016708	-3.05615481373199	-5.39100281239667	3.4525375780992e-08
rs190093833	0.0484	0.113636363636364	0.452488687782805	-0.298264534263561	0.00781456	-1.2341628959276	0.765910594237382	-0.142724635336674	-0.440989169600235	4.87418517731951e-06
rs190099796	0.0361	-0.526315789473684	0.525624178712221	-0.300076566978776	0.00443556	0.953453453453453	0.852166729448483	-0.568494004783182	-0.868570571761959	3.17837972087442e-06
rs190264914	0.009604	0.142857142857143	0.80638658172728	-0.812717464133338	0.00060025	-0.118367346938776	0.977062108595409	-1.88063781970062	-2.69335528383396	5.12521218503876e-07
rs190455123	0.002809	-1.88679245283019	0.934382956854867	0.301235104054793	0.00017424	-1.28030303030303	0.993231421578577	-1.68369161852592	-1.38245651447113	1.90120064020503e-06
rs190576166	0.006724	-0.902439024390244	0.856091088091773	-0.620688706482214	0.00041209	-1.35960591133005	0.98413838517664	-1.16232282965637	-1.78301153613858	1.27370577014661e-06
rs190628557	0.0144	1.75	0.735294117647059	0.461351144007088	0.00078961	-1.16370106761566	0.970042701651103	-1.09717515177974	-0.635824007772655	4.01131095442151e-06
rs190723672	0.004624	0.323529411764706	0.896378630333453	-1.08659330033264	0.00022801	0.695364238410596	0.991161118650849	-2.12466870368956	-3.2112620040222	3.05342895277308e-07
rs190796219	0.005776	-0.276315789473684	0.873820342537574	-1.00166599424062	0.00034969	-0.0160427807486631	0.986507796366476	-2.1526946853366	-3.15436067957722	3.23221134649818e-07
rs190845097	0.6889	0.807228915662651	0.0548772122376183	-0.0103407089218951	0.00196249	0.349887133182844	0.928716385523699	-1.26369719739514	-1.27403790631704	2.11891509625905e-06
rs191194696	0.7225	0.776470588235294	0.0524590163934426	-0.011128601312553	0.00055696	1.47881355932203	0.978681120790511	-0.853947370879871	-0.865075972192424	3.18950631545175e-06
rs191384658	0.0196	-0.214285714285714	0.671140939597315	-0.540654155814417	9e-04	-1.22333333333333	0.96599698457159	-0.967824324308522	-1.50847848012294	1.67608989430752e-06
rs191449383	0.6561	0.765432098765432	0.0574630081884787	-0.0127566613473074	0.00199809	0.67337807606264	0.927517012869624	-1.10191595737054	-1.11467261871785	2.48499214418115e-06
rs191466358	0.0049	-0.942857142857143	0.89086859688196	-0.711619293997669	0.000324	-2.66111111111111	0.987486598683843	1.30597171804823	0.594352424050564	1.37260370126241e-05
rs191591162	0.2025	0.215555555555556	0.164948453608247	-0.08629881315004	0.00026896	1.10365853658537	0.98959020359174	-1.67981278382334	-1.76611159697338	1.29541423940791e-06
rs191649456	0.009409	0.814432989690722	0.809569106842883	-0.560738920504382	0.00066564	0.534883720930233	0.974626704859738	-1.6976083751932	-2.25834729569758	7.9183267475935e-07
rs191715576	0.0625	0.14	0.390243902439024	-0.243523730674151	0.00429025	-0.934351145038168	0.856313903139222	-0.596275937610666	-0.839799668284817	3.27115275967601e-06
rs191815921	0.1225	-0.685714285714286	0.246153846153846	-0.0834122143069479	0.00128164	-0.67877094972067	0.9522664547397	-1.30169157377508	-1.38510378808203	1.89617429790825e-06
rs191895413	0.004624	1.61764705882353	0.896378630333453	0.0393078858647444	0.00024025	-0.87741935483871	0.990691048076391	-1.95704033941388	-1.91773245354913	1.11316762054132e-06
rs191976654	0.2209	1.46808510638298	0.153315446531238	0.0820048477644251	0.01129969	-0.924741298212606	0.693508972232006	-0.29475752433076	-0.212752676566335	6.12384054906494e-06
rs192129301	0.002116	0.239130434782609	0.949757811758002	-1.46829492726985	0.00011236	1.28301886792453	0.995624712953106	-1.89642402943351	-3.36471895670336	2.61904108649038e-07
rs192821156	0.25	-1.14	0.137931034482759	0.0154175836477599	0.00094249	0.960912052117264	0.964448735592824	-1.22312695727303	-1.20770937362527	2.26422546713799e-06
rs192962463	0.0529	0.826086956521739	0.430570505920345	-0.13464526440665	0.00427716	-0.600917431192661	0.856689476885756	-0.816694717787423	-0.951339982194073	2.92590002664944e-06
rs192970790	0.01	1.2	0.8	-0.22871895621705	0.00049729	-0.937219730941704	0.980921547158362	-1.5487865136384	-1.77750546985545	1.28073822134671e-06
rs192980346	0.0144	-0.433333333333333	0.735294117647059	-0.595532025927553	0.00097344	0.817307692307692	0.963324101150833	-1.33107139244133	-1.92660341836889	1.10333642032793e-06
rs193017031	0.004356	-1.25757575757576	0.901794571196681	-0.447254283001182	0.00024025	-0.00645161290322581	0.990691048076391	-2.33836876676399	-2.78562304976517	4.67348085997466e-07
rs193091864	0.2025	-0.0711111111111111	0.164948453608247	-0.0897138570599293	9e-04	-1.17666666666667	0.96599698457159	-1.02192015544453	-1.11163401250446	2.49255454050419e-06
rs199699939	0.0324	1.16666666666667	0.552486187845304	-0.0260263937908616	0.00179776	0.247641509433962	0.93430680596373	-1.3327311774255	-1.35875757121636	1.94679522406277e-06
rs199854532	0.003721	0.639344262295082	0.914892157086983	-1.04493188752647	0.00018225	0.296296296296296	0.992922464993973	-2.43182972353573	-3.4767616110622	2.34143876883476e-07
rs200796369	0.004096	-0.1875	0.90711175616836	-1.1722337699881	0.00017689	-1.39097744360902	0.993129186197118	-1.52947412479195	-2.70170789478005	5.08258156796778e-07
rs200839911	0.1296	0.5	0.235849056603774	-0.105013837644343	0.00529984	0.0865384615384615	0.82830678603639	-0.877921461696734	-0.982935299341077	2.83490043781084e-06
rs201190349	0.0529	-0.739130434782609	0.430570505920345	-0.16394684893053	0.00140625	-0.133333333333333	0.947867412554184	-1.46855703536176	-1.63250388429229	1.48058641059288e-06
rs201428345	0.0529	-1.04347826086957	0.430570505920345	-0.0471474772867314	0.00145161	-0.454068241469816	0.946276165209221	-1.36439861413078	-1.41154609141751	1.84669217569444e-06
rs201715777	0.0484	0.368181818181818	0.452488687782805	-0.270516880847459	0.00217156	0.0150214592274678	0.921716813458273	-1.27360722511195	-1.54412410595941	1.61739690968067e-06
rs28406488	0.000484	-0.372727272727273	0.988044659618615	-2.14465624491513	2.401e-05	-1.81632653061224	0.999061825386305	-1.83781374133378	-3.98246998624891	1.41207072128299e-07
rs28418926	0.000324	1.16666666666667	0.991965082829084	-1.73689194615429	1.296e-05	2.80555555555556	0.999493377965109	0.139704477820509	-1.59718746833378	1.53380971248753e-06
rs28437382	0.2116	0.456521739130435	0.158982511923688	-0.0700044729696654	0.00040804	0.663366336633663	0.984291823634283	-1.86021573895636	-1.93022021192602	1.099353088059e-06
rs28446797	1e-04	-0.81	0.997506234413965	-2.66974879345377	5.76e-06	-2.66666666666667	0.999774771259024	-0.644442280554077	-3.31419107400785	2.75477600927832e-07
rs28517834	0.1764	0.404761904761905	0.184842883548983	-0.0870455936086454	0.00040401	0.572139303482587	0.984444551870318	-1.92054646505041	-2.00759205865905	1.01750144482301e-06
rs28545151	0.000121	-0.109090909090909	0.996984123027841	-2.89599984318747	6.25e-06	-2.96	0.999755615857578	0.221344793710339	-2.67465504947713	5.22195660643658e-07
rs28562920	0.0961	-0.354838709677419	0.293901542983101	-0.155497650274013	0.00104976	-1.78086419753086	0.960562026869769	-0.0933127439451895	-0.248810394219202	5.90696239864943e-06
rs28827769	0.0121	-0.9	0.767754318618042	-0.419039249038006	9.216e-05	0.802083333333333	0.996408473868026	-2.49407547543496	-2.91311472447296	4.1140686807443e-07
rs34540423	0.2209	0.851063829787234	0.153315446531238	-0.0276896127347246	0.00081225	0.83859649122807	0.969210201340973	-1.39949026230763	-1.42717987504235	1.81804589811369e-06
rs35019579	0.000529	1.43478260869565	0.986947617755188	-1.15352656452794	2.916e-05	0.185185185185185	0.998860821837444	-3.3715968501246	-4.52512341465254	8.20701181524976e-08
rs35122785	0.004489	-1.7910447761194	0.899098653599766	0.295276933482128	0.000225	1.21333333333333	0.991276784417366	-1.64121584795686	-1.34593891447473	1.97191115612659e-06
rs35269568	1e-04	1.1	0.997506234413965	-2.39348944183282	5.76e-06	3.08333333333333	0.999774771259024	0.553204580849964	-1.84028486098286	1.20280611487157e-06
rs35510416	0.000121	0.181818181818182	0.996984123027841	-2.88545323428271	6.25e-06	3.12	0.999755615857578	0.707625925263463	-2.17782730901925	8.58228247578575e-07
rs368107234	0.1764	0.80952380952381	0.184842883548983	-0.0416207693351282	0.00929296	-0.702282157676348	0.733429721610841	-0.480194827358507	-0.521815596693636	4.49572308946212e-06
rs371163961	0.1681	0.731707317073171	0.192215281114849	-0.0552742388175053	0.00080089	0.742049469964664	0.96962774365491	-1.48015619618098	-1.53543043499849	1.63151932509557e-06
rs371167205	0.2704	1.90384615384615	0.128865979381443	0.164566036790362	0.00185761	0.134570765661253	0.932267917078867	-1.33765630097669	-1.17309026418633	2.34398354767419e-06
rs372178472	0.0484	-0.413636363636364	0.452488687782805	-0.262476792593467	0.00098596	-0.643312101910828	0.962869904926248	-1.4474216483553	-1.70989844094876	1.37031915973343e-06
rs372424365	0.1024	-0.34375	0.280898876404494	-0.148280566992414	0.00692224	1.578125	0.786945596638035	0.20683168517605	0.0585511181836362	8.03247930141391e-06
rs373400423	0.2116	-1.21739130434783	0.158982511923688	0.0312379347889216	0.00487204	-0.418338108882521	0.83994759991364	-0.842628748793367	-0.811390814004445	3.36541506424216e-06
rs374005914	0.0121	0.481818181818182	0.767754318618042	-0.6408631414255	0.00063001	0.776892430278884	0.975952211275046	-1.56933235557493	-2.21019549700042	8.30893725296976e-07
rs375087863	0.2025	0.244444444444444	0.164948453608247	-0.085202822313843	0.00112225	-1.5910447761194	0.957953189817223	-0.371993278042835	-0.457196100356678	4.79582628936028e-06
rs3861293	0.000121	-0.0636363636363636	0.996984123027841	-2.89991362383572	6.25e-06	-2.88	0.999755615857578	-0.0121981181539912	-2.91211174198971	4.11819708958078e-07
rs4066068	0.000121	0.145454545454545	0.996984123027841	-2.89138570179164	6.76e-06	-3.46153846153846	0.99973567938257	1.87036681683286	-1.02101888495878	2.72896722567408e-06
rs4096978	0.000121	0	0.996984123027841	-2.9019323106964	6.25e-06	3	0.999755615857578	0.340515663120562	-2.56141664757584	5.84806339229436e-07
rs4417620	1e-04	0.84	0.997506234413965	-2.64506051415202	5.76e-06	2.625	0.999774771259024	-0.754660506205028	-3.39972102035705	2.52895503962344e-07
rs4524199	9.604e-05	0.418367346938776	0.997604750992866	-2.92982804518001	4.41e-06	-1.28571428571429	0.99982755014191	-3.50631394358519	-6.4361419887652	1.21406024205843e-08
rs527334715	0.0729	2.55555555555556	0.354295837023915	0.938222082606356	0.00272484	-0.35823754789272	0.903692354322617	-1.11211649359844	-0.173894410992084	6.36648623527704e-06
rs527494233	0.0324	-0.211111111111111	0.552486187845304	-0.389712363370017	0.001444	0.0605263157894737	0.94654275403733	-1.46270274384289	-1.85241510721291	1.18830391597707e-06
rs527524636	0.0289	-1.94117647058824	0.58055152394775	0.65939999155821	0.00182329	0.124121779859485	0.933435994728764	-1.34760529607688	-0.688205304518673	3.80660156137594e-06
rs527704627	0.0529	1.43478260869565	0.430570505920345	0.161626312445912	0.01028196	0.196252465483235	0.713196585431508	-0.610744738273675	-0.449118425827763	4.8347222963725e-06
rs527857171	0.16	-0.0425	0.2	-0.111391150657105	0.01075369	0.313404050144648	0.703933965908998	-0.574015444976362	-0.685406595633467	3.81727005302574e-06
rs528606574	0.0256	-0.23125	0.609756097560976	-0.454187842201776	0.00116964	0.91812865497076	0.956255321462612	-1.16165005204127	-1.61583789424304	1.50546861634808e-06
rs528742051	0.2601	0.647058823529412	0.133288903698767	-0.0436217496021713	0.00080656	0.640845070422535	0.969419295092589	-1.54463129031102	-1.58825303991319	1.54757482571856e-06
rs528761518	0.1849	0.86046511627907	0.177856825255669	-0.0320777443382828	0.00080656	0.52112676056338	0.969419295092589	-1.6120589118825	-1.64413665622079	1.46346287673792e-06
rs528778720	0.0225	-0.333333333333333	0.64	-0.475270068210435	0.00112896	0.916666666666667	0.957712420533812	-1.17925870060608	-1.65452876881651	1.44833315678205e-06
rs528797863	0.16	0.16	0.2	-0.109011775657105	0.00073441	-1.46494464944649	0.97207847962479	-0.74610802942508	-0.855119805082185	3.2214201795877e-06
rs528830945	0.2704	-1.30769230769231	0.128865979381443	0.041204502903947	0.00912025	-0.505759162303665	0.737081383713421	-0.573685486871134	-0.532480983967187	4.44802925036953e-06
rs529244790	0.0169	0.592307692307692	0.70298769771529	-0.483676834165121	0.000784	-0.878571428571429	0.97024920931014	-1.38298804273466	-1.86666487689978	1.17149093391447e-06
rs529876400	0.0625	-0.56	0.390243902439024	-0.186157877015615	0.002916	-1.01296296296296	0.897627603230386	-0.67904394980856	-0.865201826824174	3.1891049265678e-06
rs530657800	0.0841	0.0758620689655172	0.32232070910556	-0.193613076152054	0.005041	0.522535211267606	0.835311171736686	-0.787810783693385	-0.981423859845439	2.83918845802398e-06
rs531372301	0.0625	-0.96	0.390243902439024	-0.0675237306741512	0.00349281	0.197969543147208	0.879811297084677	-1.04210536772424	-1.10962909839839	2.49755691124876e-06
rs531540749	0.0361	0.305263157894737	0.525624178712221	-0.348387398695318	0.0016	0.65	0.941107706889359	-1.21721351887152	-1.56560091756684	1.58303073978462e-06
rs532688174	0.0081	0.466666666666667	0.831600831600832	-0.800156967164571	0.00099225	0.866666666666667	0.962641880084783	-1.28207698910185	-2.08223395626642	9.44318439915974e-07
rs533141022	0.004761	0.739130434782609	0.893635084113402	-0.876337158040277	0.00026569	-1.15337423312883	0.989715463661214	-1.63026147426383	-2.50659863230411	6.17759216142277e-07
rs533398369	0.0196	0.785714285714286	0.671140939597315	-0.348899601643755	0.00644809	0.841843088418431	0.798599969435298	-0.518247259941561	-0.867146861585316	3.18290803516695e-06
rs533491703	0.0576	0.958333333333333	0.409836065573771	-0.0754801723303674	0.002916	0.527777777777778	0.897627603230386	-1.01455227536167	-1.09003244769203	2.5469833764902e-06
rs533779629	0.0289	1.47058823529412	0.58055152394775	0.19335170935794	0.00121104	0.336206896551724	0.954776978163678	-1.49411284981369	-1.30076114045575	2.06304072901711e-06
rs533790300	0.2116	-0.260869565217391	0.158982511923688	-0.0811617995389791	9e-04	-0.9	0.96599698457159	-1.29942425586238	-1.38058605540136	1.90476008604708e-06
rs533853564	0.0144	0.15	0.735294117647059	-0.656295914816442	0.00073441	1.25092250922509	0.97207847962479	-1.02862110889175	-1.68491702370819	1.40498284571821e-06
rs533870821	0.0324	-0.355555555555556	0.552486187845304	-0.367101354571163	0.00158404	0.0653266331658291	0.941660886164324	-1.41873195075167	-1.78583330532283	1.27011673255389e-06
rs534040412	0.0196	-1.71428571428571	0.671140939597315	0.430103274674557	0.00087616	0.165540540540541	0.966867844467175	-1.69037763701569	-1.26027436234113	2.14828049981071e-06
rs534277951	0.36	0.0566666666666667	0.1	-0.0525197022733576	0.00772641	0.658703071672355	0.767938398021977	-0.563775913763969	-0.616295616037327	4.09041528235668e-06
rs534330455	0.6724	0.780487804878049	0.0561482313307131	-0.0117914125720964	0.00201601	0.374164810690423	0.926914455091412	-1.24317864791176	-1.25497006048385	2.15970590316154e-06
rs534494035	0.0361	0.684210526315789	0.525624178712221	-0.249843785356694	0.00184041	1.07226107226107	0.932852951646809	-0.814164204460861	-1.06400798981756	2.61413726983239e-06
rs534776076	0.0144	2	0.735294117647059	0.806020261654147	0.00072361	0.780669144981413	0.972477783867886	-1.50004534265254	-0.694025080998398	3.78451233068044e-06
rs535063380	0.0225	-0.14	0.64	-0.504553623765991	0.00151321	0.167095115681234	0.944123746853741	-1.42912756469189	-1.93368118845788	1.09555482945436e-06
rs535118463	0.0169	-0.923076923076923	0.70298769771529	-0.307493142231801	0.00074529	-0.783882783882784	0.971676549000501	-1.48349845758375	-1.79099159981555	1.26358196502467e-06
rs535122009	0.0256	-2	0.609756097560976	0.749020522889688	0.00104976	-0.481481481481482	0.960562026869769	-1.50517220495448	-0.756151682064793	3.55654808317331e-06
rs535193761	0.2209	0.361702127659574	0.153315446531238	-0.0731845313409838	9e-04	-1.08	0.96599698457159	-1.12728359321172	-1.2004681245527	2.28068079435967e-06
rs535411644	0.0841	-0.224137931034483	0.32232070910556	-0.186444219001258	0.00614656	0.161989795918367	0.806192697208241	-0.809867921136851	-0.996312140138109	2.79723093714839e-06
rs535783270	0.01	0.67	0.8	-0.62515895621705	0.00065025	-1.47450980392157	0.975198801289963	-0.788303189730445	-1.41346214594749	1.84315720046984e-06
rs535853427	0.0049	0.371428571428571	0.89086859688196	-1.04614954262273	0.00027889	-1.01796407185629	0.989210020940099	-1.7520338569041	-2.79818339952683	4.61514741689282e-07
rs536028698	0.0121	1.63636363636364	0.767754318618042	0.297922728087991	0.00086436	-0.139455782312925	0.967299472086972	-1.70077604947697	-1.40285332138898	1.8628150206572e-06
rs536179410	0.6561	0.765432098765432	0.0574630081884787	-0.0127566613473074	0.00199809	0.700223713646533	0.927517012869624	-1.08481476235224	-1.09757142369955	2.52785392875069e-06
rs536302809	0.0196	0.264285714285714	0.671140939597315	-0.53262443385852	0.00166464	0.333333333333333	0.938873892456034	-1.34524844531928	-1.8778728791778	1.15843416767292e-06
rs536586533	0.0169	-0.184615384615385	0.70298769771529	-0.595010950906836	0.00076729	-1.6028880866426	0.970864836328098	-0.520707384009531	-1.11571833491637	2.48239490586656e-06
rs536667582	0.0289	0.588235294117647	0.58055152394775	-0.333965851321245	0.00124609	-1.94334277620397	0.953528953987923	0.266076821447599	-0.067889029873646	7.07843676266281e-06
rs536977575	0.0361	0.378947368421053	0.525624178712221	-0.335137592528334	0.01334025	-0.733333333333333	0.657137819314328	-0.358516300989114	-0.693653893517448	3.78591735502668e-06
rs537016935	0.0361	0.3	0.525624178712221	-0.349224611722353	0.002025	0.308888888888889	0.926612462258668	-1.26179543737889	-1.61102004910125	1.51273923129236e-06
rs537221399	0.0196	-0.571428571428571	0.671140939597315	-0.446488972962752	0.00085849	1.02047781569966	0.967514332106772	-1.20970553198967	-1.65619450495242	1.44592262411902e-06
rs537268413	0.009409	0.54639175257732	0.809569106842883	-0.708386979526848	0.00069169	0.73384030418251	0.973659869651257	-1.55616238543357	-2.26454936496042	7.8693687141498e-07
rs537344642	0.1369	0.351351351351351	0.226116449971735	-0.114210148443987	0.00603729	-0.19047619047619	0.80897995228093	-0.813013073997828	-0.927223222441815	2.99732101444181e-06
rs537418902	0.1369	2.24324324324324	0.226116449971735	0.440757909923457	0.01292769	0.353562005277045	0.664180350126323	-0.504077214890983	-0.0633193049675253	7.11085729146437e-06
rs537486320	0.0144	-0.1	0.735294117647059	-0.660891503051736	0.00074529	1.32234432234432	0.971676549000501	-0.932498442124886	-1.59338994517662	1.53964546407708e-06
rs537978118	0.2116	0.434782608695652	0.158982511923688	-0.0715447099708165	0.00040804	0.698019801980198	0.984291823634283	-1.83699789560159	-1.9085426055724	1.12344461141154e-06
rs538214379	0.2401	0.157142857142857	0.142806140664049	-0.0752823708438818	0.01008016	-0.347609561752988	0.717233879328123	-0.588235027708374	-0.663517398552256	3.90174823630541e-06
rs538466964	0.0081	1.02222222222222	0.831600831600832	-0.45622328989756	0.00041616	1.04901960784314	0.983984237183781	-1.52568207416306	-1.98190536406062	1.04397626330649e-06
rs540314958	0.0256	0.2875	0.609756097560976	-0.445291596012751	0.001444	0.823684210526316	0.94654275403733	-1.14334288943362	-1.58863448544637	1.54698462278633e-06
rs540861095	0.0169	-0.430769230769231	0.70298769771529	-0.541766912263311	0.00116281	0.234604105571848	0.956499652442958	-1.54117074206835	-2.08293765433166	9.4365415861098e-07
rs540873805	0.0196	0.292857142857143	0.671140939597315	-0.52728269984948	0.00110889	-0.744744744744745	0.958432936110628	-1.32442868851669	-1.85171138836617	1.18914044214348e-06
rs540949943	0.2116	0.521739130434783	0.158982511923688	-0.0649329608927047	0.00089401	-1.17725752508361	0.966215647828286	-1.02432259121095	-1.08925555210365	2.54896288547541e-06
rs540982430	0.04	0.09	0.5	-0.344548590279973	0.00197136	1.62387387387387	0.928417263020002	-0.0943481243572943	-0.438896714637267	4.88439486821826e-06
rs541202351	0.1089	2.24242424242424	0.268636668905306	0.518992787973628	0.00301401	0.761384335154827	0.894549592263578	-0.865469322419431	-0.346476534445803	5.35732928145404e-06
rs541337232	0.25	1.4	0.137931034482759	0.0609624112339668	0.01240996	1.04129263913824	0.673234651949564	-0.194265556195525	-0.133303144961558	6.63022653642921e-06
rs541368547	0.0144	-0.0641666666666667	0.735294117647059	-0.663054237937357	0.00099856	-0.0981012658227848	0.96241323869469	-1.63592062742013	-2.29897486535749	7.60307176016226e-07
rs541732066	0.1681	1.70731707317073	0.192215281114849	0.17341735084918	0.004489	-1.3134328358209	0.850651627302632	-0.217004781075023	-0.0435874302258436	7.252561281903e-06
rs541792294	0.0121	1.18181818181818	0.767754318618042	-0.193820740448358	0.00075076	1.08394160583942	0.971474600956762	-1.2077731596689	-1.40159390011725	1.86516256748442e-06
rs541941616	0.1681	0.731707317073171	0.192215281114849	-0.0552742388175053	0.00080089	0.749116607773852	0.96962774365491	-1.4750470937097	-1.5303213325272	1.63987625453744e-06
rs542490409	0.0676	1.42307692307692	0.371747211895911	0.144015215800781	0.00248004	0.0240963855421687	0.911579607376799	-1.21256167720424	-1.06854646140345	2.60229996406801e-06
rs542592556	0.01	-0.83	0.8	-0.52915895621705	0.00050176	0.120535714285714	0.980753356932714	-1.96808469645208	-2.49724365266913	6.23565457317902e-07
rs543220195	0.04	0.485	0.5	-0.287767340279973	0.00210681	1.76470588235294	0.923873310446149	0.150878878422769	-0.136888461857204	6.60649763643779e-06
rs543573809	0.0576	0.3	0.409836065573771	-0.245234839907781	0.00263169	0.725146198830409	0.906677430542386	-0.947464374776213	-1.19269921468399	2.29846820281229e-06
rs543717829	0.2116	-1.39130434782609	0.158982511923688	0.0673020206695314	0.00555025	-0.496644295302013	0.821641414515632	-0.760648404977876	-0.693346384308344	3.7870817384984e-06
rs543977221	0.0121	1	0.767754318618042	-0.346102588769292	0.00076176	1.6268115942029	0.971068743748663	-0.486441902787949	-0.832544491557241	3.29497185243254e-06
rs544630371	0.0484	0.0772727272727273	0.452488687782805	-0.299835156155039	0.00790321	-1.11136107986502	0.76388206029059	-0.249967604339902	-0.549802760494941	4.37164494749574e-06
rs544723682	0.2401	0.428571428571429	0.142806140664049	-0.0639307398666069	0.01560001	0.306645316253002	0.621066970297922	-0.455998013250728	-0.519928753117335	4.50421382351876e-06
rs544727183	0.1369	0.378378378378378	0.226116449971735	-0.111980366066618	0.00591361	-0.0312093628088427	0.812158121225329	-0.835681839315203	-0.947662205381821	2.93668064612699e-06
rs545766648	0.0361	1.52631578947368	0.525624178712221	0.239379826962713	0.00177241	1.7624703087886	0.935173086642698	0.0844476065524136	0.323827433515127	1.04726756948593e-05
rs546007315	0.0576	1.04166666666667	0.409836065573771	-0.0413271668658865	0.003136	0.683928571428571	0.890747850717705	-0.898721039967715	-0.940048206833602	2.95912586881508e-06
rs546126507	0.0625	0.12	0.390243902439024	-0.244538364820493	0.00876096	-1.02136752136752	0.744795690025472	-0.294363110640707	-0.538901475461199	4.41956220041912e-06
rs546303431	0.01	0.18	0.8	-0.79175895621705	0.00050176	0.9375	0.980753356932714	-1.54421418222686	-2.33597313844391	7.32691146354665e-07
rs546358340	0.0256	-0.6875	0.609756097560976	-0.326389156988361	0.00106929	-0.730886850152905	0.959857765782977	-1.35128724661164	-1.6776764036	1.41519271103497e-06
rs547066803	0.0784	-0.571428571428571	0.337837837837838	-0.150965199532431	0.00010404	1.6078431372549	0.995947379944754	-1.46685439762325	-1.61781959715568	1.5024881789523e-06
rs547200695	0.2116	0.391304347826087	0.158982511923688	-0.0743997834363647	0.00080656	0.693661971830986	0.969419295092589	-1.51046676012975	-1.58486654356611	1.5528245663092e-06
rs547395159	0.0169	-0.923076923076923	0.70298769771529	-0.307493142231801	0.00088804	0.62751677852349	0.966433679510931	-1.50683621454275	-1.81432935677455	1.23443424041609e-06
rs547433199	0.0625	-0.148	0.390243902439024	-0.243074169698541	0.00929296	-1.27385892116183	0.733429721610841	-0.0659844065467164	-0.309058576245258	5.56158723098145e-06
rs547905887	0.0121	0.445454545454545	0.767754318618042	-0.653807098532779	0.00051076	-1.97787610619469	0.980414893803588	-0.0488044069465166	-0.702611505479296	3.75215601268991e-06
rs548482967	0.6889	0.783132530120482	0.0548772122376183	-0.0113922101579766	0.00201601	0.354120267260579	0.926914455091412	-1.24994426227214	-1.26133647243011	2.14600000070284e-06
rs548512772	0.0289	-0.0376470588235294	0.58055152394775	-0.433995883311843	0.004356	-1.12424242424242	0.854432397121292	-0.42358980077731	-0.857585684089153	3.21348633316708e-06
rs549037394	0.0289	-2	0.58055152394775	0.726695756444887	0.00123201	-0.190883190883191	0.954029907795279	-1.52250142758568	-0.795805671140795	3.41827639452359e-06
rs549070182	0.0225	-1.2	0.64	-0.0500256237659907	0.00138384	0.231182795698925	0.948655541266011	-1.45924845230399	-1.50927407606998	1.67475693429983e-06
rs549255774	0.0961	2.2258064516129	0.293901542983101	0.554025325502047	0.00630436	-0.619647355163728	0.8022012686941	-0.656244896319937	-0.10221957081789	6.83955414580603e-06
rs549378132	0.1296	0.666666666666667	0.235849056603774	-0.082084068252309	0.00038025	1.02051282051282	0.985345968555407	-1.5984273845765	-1.68051145282881	1.41118625196878e-06
rs550081709	0.0169	2.76923076923077	0.70298769771529	2.08848859672682	0.00080089	0.512367491166078	0.96962774365491	-1.61983929988334	0.468649296843478	1.21046710319642e-05
rs550119908	0.0289	-0.264705882352941	0.58055152394775	-0.414067899824416	0.00128881	-1.25626740947075	0.952012229116289	-0.767167972101044	-1.18123587192546	2.32496792917434e-06
rs550202220	0.003025	1.36363636363636	0.929692039511912	-0.463052030719878	0.00013924	-0.347457627118644	0.994583677757898	-2.5491326697966	-3.01218470051648	3.72602696614438e-07
rs550243905	0.09	-0.243333333333333	0.307692307692308	-0.174752988353257	0.00543169	0.436906377204885	0.824783802373199	-0.792146998193228	-0.966899986546485	2.8807253797974e-06
rs550393934	0.0324	0.611111111111111	0.552486187845304	-0.298859079146567	0.00148996	1.03626943005181	0.944934993591224	-0.942259160487305	-1.24111823963387	2.18982991697839e-06
rs550527166	0.0529	1.91304347826087	0.430570505920345	0.50632689705322	0.00214369	1.07775377969762	0.922643787756248	-0.743817269362272	-0.237490372309052	5.97420924219684e-06
rs550927230	0.0361	1.26315789473684	0.525624178712221	0.0464568250808041	0.00156816	-0.553030303030303	0.94221193842019	-1.28140230089114	-1.23494547581033	2.20338902540305e-06
rs551363199	0.0324	-1.38888888888889	0.552486187845304	0.130852400288669	0.001369	0.0351351351351351	0.949178165254908	-1.48912872981395	-1.35827632952528	1.94773232855737e-06
rs551847453	0.4096	-0.15625	0.0889679715302491	-0.0455025776183728	0.000625	-0.788	0.976138882356238	-1.56468871975504	-1.61019129737341	1.51399343618451e-06
rs552427656	0.1156	0.161764705882353	0.25706940874036	-0.1452128547364	0.00840889	-0.687022900763359	0.752513240403564	-0.52060579735619	-0.66581865209259	3.89277964781909e-06
rs552569239	0.006889	-1.20481927710843	0.853078547207234	-0.339768658031946	0.00040401	-1.30845771144279	0.984444551870318	-1.23895732109564	-1.57872597912759	1.5623891214501e-06
rs552630064	0.0484	-0.263636363636364	0.452488687782805	-0.28546116116607	0.00910116	-0.0408805031446541	0.737487242577255	-0.668111549143646	-0.953572710309716	2.91937457488701e-06
rs552666651	0.64	0.8125	0.0588235294117647	-0.0108959506140998	0.00198025	0.426966292134831	0.928117659330977	-1.23176430277215	-1.24266025338625	2.18645577128915e-06
rs552777045	0.0289	0.317647058823529	0.58055152394775	-0.405118567508889	0.00145161	0.456692913385827	0.946276165209221	-1.36326760156773	-1.76838616907662	1.29247107480578e-06
rs552883854	0.006241	-1.0379746835443	0.865033195648883	-0.535373530492815	0.00036864	-1.26041666666667	0.985787034186499	-1.34376495126106	-1.87913848175387	1.15696897777573e-06
rs553182712	0.2025	0.844444444444444	0.164948453608247	-0.0313196608018155	0.00081796	0.776223776223776	0.969000463292917	-1.4449688067478	-1.47628846754961	1.73092102184982e-06
rs553692277	0.0169	-1.76923076923077	0.70298769771529	0.493247282680585	0.00085849	0.57679180887372	0.967514332106772	-1.55253755079814	-1.05929026811755	2.62649917905262e-06
rs553909741	0.0324	-0.216666666666667	0.552486187845304	-0.38905585972088	0.00142884	0.333333333333333	0.947074277732872	-1.41681766987862	-1.8058735295995	1.24491665931476e-06
rs554111838	0.0324	-0.288888888888889	0.552486187845304	-0.378969576384136	0.00158404	0.419597989949749	0.941660886164324	-1.33784567990248	-1.71681525628662	1.360873619339e-06
rs554836339	0.0289	-0.941176470588235	0.58055152394775	-0.17727720471943	0.00170569	0.452784503631961	0.937460793127602	-1.28988460154978	-1.46716180626921	1.74679086088449e-06
rs555085704	0.007396	0.186046511627907	0.843953076208963	-0.91419325931422	0.00051076	-0.995575221238938	0.980414893803588	-1.48061401926144	-2.39480727857566	6.90827474422276e-07
rs555341275	0.0484	-0.236363636363636	0.452488687782805	-0.288546311310044	0.00232324	1.39626556016598	0.91670431493552	-0.349095372667482	-0.637641683977526	4.00402631251512e-06
rs555474027	0.0144	0.833333333333333	0.735294117647059	-0.409257516123631	0.00071289	0.434456928838951	0.972874454845468	-1.71182328483406	-2.1210808009577	9.08338035388718e-07
rs555564277	0.0121	-0.518181818181818	0.767754318618042	-0.626903971996081	0.0016	-0.0175	0.941107706889359	-1.41587841483428	-2.04278238683036	9.82317925603304e-07
rs555853861	0.0484	1.09090909090909	0.452488687782805	-0.0319366108500762	0.00355216	-0.726510067114094	0.878018162407183	-0.820225156273852	-0.852161767123928	3.23096337036012e-06
rs556583441	0.0576	-0.2375	0.409836065573771	-0.252118805071715	0.0025	-0.146	0.910931361229193	-1.19946528572456	-1.45158409079627	1.77421491942675e-06
rs557031193	0.0841	-0.793103448275862	0.32232070910556	-0.0931685916783496	0.002116	0.530434782608696	0.92356662348345	-1.15574006496786	-1.24890865664621	2.17283650755689e-06
rs557067232	0.0144	-0.675	0.735294117647059	-0.4970587824635	0.00070225	0.558490566037736	0.973268485710048	-1.65916912957622	-2.15622791203972	8.76967105694302e-07
rs557512178	0.0256	0.6875	0.609756097560976	-0.326389156988361	0.00541696	0.733695652173913	0.825175894891517	-0.649887528783309	-0.97627668577167	2.85383992973608e-06
rs557911498	0.006724	-0.792682926829268	0.856091088091773	-0.700326567220079	0.00041209	-1.31527093596059	0.98413838517664	-1.22067761002423	-1.92100417724431	1.10953159493944e-06
rs557940875	0.4356	-0.363636363636364	0.0841042893187553	-0.0383657727090756	0.00080089	-1.00353356890459	0.96962774365491	-1.25886668203391	-1.29723245474299	2.07033341058593e-06
rs558506733	0.2401	-1.10204081632653	0.142806140664049	0.00967300818493835	0.00685584	-1.39613526570048	0.788557151579333	-0.00837496048167707	0.00129804770326128	7.58551239823212e-06
rs558871813	0.2116	0.456521739130435	0.158982511923688	-0.0700044729696654	0.00080089	0.720848056537103	0.96962774365491	-1.49519293852536	-1.56519741149503	1.5836696311896e-06
rs559194713	0.0169	0.146153846153846	0.70298769771529	-0.599482618214788	0.00075625	1.16	0.971271998915891	-1.12146969129006	-1.72095230950485	1.35525524252774e-06
rs559421579	0.0361	0.131578947368421	0.525624178712221	-0.368327628965301	0.00165649	0.361179361179361	0.939154953902778	-1.33845580610152	-1.70678343506682	1.37459436716733e-06
rs559807123	0.0361	0.0231578947368421	0.525624178712221	-0.37273675677133	0.00189225	-0.501149425287356	0.93109190894075	-1.22056862398944	-1.59330538076077	1.53977566880163e-06
rs559859523	0.2209	0.446808510638298	0.153315446531238	-0.0679097581692436	0.00081225	0.754385964912281	0.969210201340973	-1.46449804534124	-1.53240780351049	1.63645826732172e-06
rs560140589	0.0441	-0.080952380952381	0.475624256837099	-0.321214940899945	0.00162409	-0.751861042183623	0.940273968699253	-1.14322756006975	-1.46444250096969	1.75154738281622e-06
rs560215931	0.0361	0.405263157894737	0.525624178712221	-0.329713908135805	0.00143641	-0.377308707124011	0.9468087918972	-1.39953634819595	-1.72925025633175	1.3440559364729e-06
rs560587844	0.6561	0.765432098765432	0.0574630081884787	-0.0127566613473074	0.00199809	0.693512304250559	0.927517012869624	-1.0891527283524	-1.10190938969971	2.5169119345127e-06
rs56073612	0.2025	0.222222222222222	0.164948453608247	-0.0860581105918116	0.00026896	1.10365853658537	0.98959020359174	-1.67981278382334	-1.76587089441515	1.29572608645899e-06
rs560809895	0.2116	0.434782608695652	0.158982511923688	-0.0715447099708165	0.00080656	0.707746478873239	0.969419295092589	-1.50089948976061	-1.57244419973142	1.57223459641712e-06
rs561143060	0.2116	-1.39130434782609	0.158982511923688	0.0673020206695314	0.00140625	1.03733333333333	0.947867412554184	-0.967001208859622	-0.899699188190091	3.080965213123e-06
rs562069864	0.0289	-2.17647058823529	0.58055152394775	0.940636023920442	0.00181476	0.262910798122066	0.933726766696951	-1.3247140203534	-0.38407799643296	5.1596261253103e-06
rs562130445	0.4096	-0.1	0.0889679715302491	-0.0461437725694404	0.019321	-1.29208633093525	0.569585057370565	0.0539546726312992	0.00781090006185874	7.63507694864646e-06
rs562223189	0.0961	-0.903225806451613	0.293901542983101	-0.0541153802439421	0.00492804	0.904558404558405	0.838405212961061	-0.568329262906798	-0.62244464315074	4.06534038001543e-06
rs562373187	0.0289	0.647058823529412	0.58055152394775	-0.312873148894077	0.00150544	-0.466494845360825	0.944394705264218	-1.3419800471915	-1.65485319608558	1.4478633542238e-06
rs562544173	0.0324	-0.888888888888889	0.552486187845304	-0.183757790012129	0.00126025	-1.19718309859155	0.953025684158347	-0.846116370626756	-1.02987416063888	2.70490815065733e-06
rs562580576	0.0256	-0.3625	0.609756097560976	-0.430428791134702	0.00966289	0.622583926754832	0.725728644443596	-0.506168546379923	-0.936597337514625	2.96935506514546e-06
rs562787032	0.09	-1.73333333333333	0.307692307692308	0.278359832159564	0.00390625	0.2784	0.867470144688239	-0.976856354506089	-0.698496522346525	3.76762788280372e-06
rs562816634	0.0289	1.52941176470588	0.58055152394775	0.244576843823918	0.00190096	-1.15596330275229	0.930796676087476	-0.713464124225959	-0.46888728040204	4.74008390280526e-06
rs562851215	0.0121	-0.218181818181818	0.767754318618042	-0.711705926279801	0.00065536	1.27734375	0.975008771480015	-1.04919959199944	-1.76090551827924	1.30217585335513e-06
rs562936383	0.04	1.05	0.5	-0.0709485902799727	0.001936	-0.05	0.929610854752605	-1.32569609369802	-1.396644683978	1.8744165412344e-06
rs563003826	0.0625	-0.52	0.390243902439024	-0.194587145308298	0.00010201	0.782178217821782	0.996026139330382	-2.45932282523211	-2.65390997054041	5.33141797520316e-07
rs563380328	0.04	-0.17	0.5	-0.339348590279973	0.00227529	-1.18448637316562	0.918282993021648	-0.608067389371901	-0.947415979651873	2.93740382149125e-06
rs563590346	0.0484	-1.63636363636364	0.452488687782805	0.304625223037961	0.00251001	-0.704590818363273	0.910606610838096	-0.981319756998621	-0.676694533960661	3.85067163219352e-06
rs563622085	0.2209	-0.978723404255319	0.153315446531238	-0.00978314591486977	0.00252004	-0.0318725099601594	0.910281443755978	-1.20507647278926	-1.21485961870413	2.24809344282831e-06
rs56362585	0.000196	-0.607142857142857	0.995123892924669	-2.47829155074516	1.089e-05	-1.12121212121212	0.999574262312167	-3.25255286939078	-5.73084442013594	2.4578030524664e-08
rs563637394	0.003844	0.741935483870968	0.912325517744731	-0.96595907295364	0.00018769	0.277372262773723	0.992712746376025	-2.42262690566066	-3.3885859786143	2.5572724246003e-07
rs563754615	0.2209	0.446808510638298	0.153315446531238	-0.0679097581692436	0.00081225	0.76140350877193	0.969210201340973	-1.45934324316237	-1.52725300133161	1.64491566534315e-06
rs563767625	0.2116	-1.43478260869565	0.158982511923688	0.0770693772621966	0.005329	-0.501369863013699	0.827525051963638	-0.774743435004236	-0.69767405774204	3.77072789803185e-06
rs564043412	0.2401	-0.0836734693877551	0.142806140664049	-0.0765456788104392	0.00139129	-1.9597855227882	0.948393389678987	0.339222609668036	0.262676930857597	9.85145389479078e-06
rs564590652	0.0361	0.0284210526315789	0.525624178712221	-0.3726654116612	0.00177241	-0.256532066508314	0.935173086642698	-1.33724595304088	-1.70991136470208	1.37030145018108e-06
rs564818732	0.002025	0.866666666666667	0.951814396192742	-1.15888830502015	9.409e-05	1.23711340206186	0.996333536467749	-2.0418447323277	-3.20073303734785	3.08574825028899e-07
rs564847089	0.0729	-0.444444444444444	0.354295837023915	-0.183714734636041	0.00267289	-0.340425531914894	0.905354710485105	-1.12634901326058	-1.31006374789662	2.04393806105061e-06
rs565399514	0.1764	0.15952380952381	0.184842883548983	-0.0998352751004658	0.00073441	-1.48339483394834	0.97207847962479	-0.719668754863861	-0.819504029964326	3.3382211890902e-06
rs565614315	0.1225	0.457142857142857	0.246153846153846	-0.115562920743369	0.00076729	0.823104693140794	0.970864836328098	-1.43902361856684	-1.55458653931021	1.60056321656206e-06
rs565619736	0.0289	-1.82352941176471	0.58055152394775	0.530834948192619	0.00112896	-0.770833333333333	0.957712420533812	-1.29710222110145	-0.766267272908831	3.52075284815157e-06
rs565762234	0.0576	1.04166666666667	0.409836065573771	-0.0413271668658865	0.002809	-0.169811320754717	0.901012222413447	-1.14338870533566	-1.18471587220155	2.3168911019705e-06
rs566383654	0.005929	0.194805194805195	0.870909447190228	-1.00709548141533	0.00032761	-1.60773480662983	0.987348938537052	-0.908951777116761	-1.9160472585321	1.11504510658933e-06
rs566425755	0.3249	1.10526315789474	0.109619073718827	0.00890274422851853	0.00820836	-1.02538631346578	0.756980874107415	-0.309356251063603	-0.300453506835085	5.60965157706631e-06
rs566745039	0.0676	1.61538461538462	0.371747211895911	0.252624793240785	0.00277729	-0.652751423149905	0.902020180168156	-0.969328497960667	-0.716703704719883	3.69965070909354e-06
rs567049338	0.1225	0.542857142857143	0.246153846153846	-0.105013470193918	0.005476	0.158108108108108	0.823606573703686	-0.857224870842345	-0.962238341036264	2.89418564945778e-06
rs567406216	0.2601	0.568627450980392	0.133288903698767	-0.0499761610049576	0.00082944	0.638888888888889	0.968579057889676	-1.53246350948047	-1.58243967048542	1.55659765099517e-06
rs567629913	0.0784	-0.535714285714286	0.337837837837838	-0.15764439147948	0.00364816	-1.38741721854305	0.875133147781586	-0.197970135461509	-0.355614526940989	5.30859704320605e-06
rs567858391	0.002916	-1.01851851851852	0.932053313449529	-0.861069230946275	0.00017424	0.984848484848485	0.993231421578577	-2.01605134094981	-2.87712057189609	4.26484841231264e-07
rs568089909	0.2809	0.792452830188679	0.124649423496416	-0.0274266417753807	0.00167281	1.10757946210269	0.938592310083898	-0.819409369198833	-0.846836010974213	3.24821659585482e-06
rs568288196	0.0169	-0.753846153846154	0.70298769771529	-0.40724252087803	0.00082944	0.118055555555556	0.968579057889676	-1.72339073262495	-2.13063325350298	8.99702490393032e-07
rs568458769	0.6889	0.795180722891566	0.0548772122376183	-0.0108704424991634	0.00199809	0.293064876957494	0.927517012869624	-1.27237086537054	-1.28324130786971	2.09950333391273e-06
rs56887479	0.000484	-0.636363636363636	0.988044659618615	-2.01322997386917	1.764e-05	-2.61904761904762	0.999310557250553	-0.212472818054973	-2.22570279192414	8.18108201906322e-07
rs568984115	0.1156	0.382352941176471	0.25706940874036	-0.129785354536259	0.00474721	0.211901306240929	0.843406254037505	-0.908114833508341	-1.0379001880446	2.68328537228906e-06
rs569494253	0.0196	0.0785714285714286	0.671140939597315	-0.55399136989468	0.00081796	-1.32517482517483	0.969000463292917	-0.886066313258327	-1.44005768315301	1.79478355736229e-06
rs569830679	0.0256	-0.6875	0.609756097560976	-0.326389156988361	0.00110224	2.25301204819277	0.958671911143547	0.840033201019946	0.513644044031586	1.26617566244641e-05
rs570235391	0.0196	1.21428571428571	0.671140939597315	-0.0612677703877628	0.00082369	-1.18466898954704	0.968790081843431	-1.05368999849011	-1.11495776887787	2.48428364929209e-06
rs570640055	0.0256	-0.43125	0.609756097560976	-0.413791500738361	0.01006009	0.489531405782652	0.717637908471175	-0.546294777560445	-0.960086278298806	2.90042082538769e-06
rs570739963	0.0225	0.426666666666667	0.64	-0.452571401543769	0.00101761	1.04075235109718	0.961723624796649	-1.11060829981865	-1.56317970136242	1.58686824330202e-06
rs571057180	0.0169	0.246153846153846	0.70298769771529	-0.585693244144219	0.00075625	-1.60727272727273	0.971271998915891	-0.520385572846929	-1.10607881699115	2.5064396999839e-06
rs572727791	0.0169	0.276923076923077	0.70298769771529	-0.580036065038344	0.00082944	-1.34722222222222	0.968579057889676	-0.851151099257721	-1.43118716429607	1.81077504026851e-06
rs572759078	0.0289	0.205882352941176	0.58055152394775	-0.422103215034766	0.00128164	0.298882681564246	0.9522664547397	-1.47852704725285	-1.90063026228762	1.13236895049658e-06
rs572888375	0.0324	0.777777777777778	0.552486187845304	-0.234913918516324	0.00157609	0.279596977329975	0.941936678708354	-1.38629285858527	-1.62120677710159	1.49740759041484e-06
rs573713458	0.7056	0.285714285714286	0.0536480686695279	-0.0253806622508478	0.00130321	-0.60387811634349	0.951502060305323	-1.3396254337682	-1.36500609601905	1.93466855218067e-06
rs574053783	0.0256	0.9375	0.609756097560976	-0.202532449671288	0.00159201	0.957393483709273	0.941384561865248	-0.986940964720588	-1.18947341439188	2.30589457376738e-06
rs574128145	0.0144	0.6	0.735294117647059	-0.532215032463501	0.000729	0.503703703703704	0.972278460475117	-1.66943079208999	-2.20164582455349	8.3802804909425e-07
rs574456895	0.0784	-0.428571428571428	0.337837837837838	-0.175096473663705	0.00010201	1.67326732673267	0.996026139330382	-1.36965987895948	-1.54475635262319	1.61637463907816e-06
rs574516046	0.0144	0.225	0.735294117647059	-0.64595584128703	0.00075625	-1.06545454545455	0.971271998915891	-1.22365071639254	-1.86960655767957	1.16804984532402e-06
rs574601613	0.0256	0.5875	0.609756097560976	-0.365261108207873	0.00127449	-0.338935574229692	0.952520106471495	-1.46901299565086	-1.83427410385873	1.21005766210738e-06
rs574640915	0.0144	0.316666666666667	0.735294117647059	-0.627701143574612	0.000729	-1.06296296296296	0.972278460475117	-1.2434888023374	-1.87118994591201	1.16620183239109e-06
rs574847453	0.0196	-0.0857142857142857	0.671140939597315	-0.553597588220936	0.00081225	-0.814035087719298	0.969210201340973	-1.41916084423327	-1.97275843245421	1.05356924909403e-06
rs57492395	0.000121	0.154545454545455	0.996984123027841	-2.89002617798751	5.76e-06	0.5	0.999774771259024	-4.07422517640101	-6.96425135438852	7.15954220843993e-09
rs575418721	0.0121	-1.18181818181818	0.767754318618042	-0.193820740448358	0.00070756	0.676691729323308	0.973071800718404	-1.58450014095478	-1.77832088140314	1.2796943182746e-06
rs575776340	0.002704	0.653846153846154	0.936680404645935	-1.17955785263815	0.00012769	0.274336283185841	0.995030730700688	-2.61479803242904	-3.79435588506719	1.70432872731606e-07
rs575899068	0.009604	-1.53061224489796	0.80638658172728	0.123644797364228	0.00048841	-1.43438914027149	0.981255841208984	-0.978983243125464	-0.855338445761237	3.22071592308449e-06
rs575927418	0.008836	1.27659574468085	0.819067900728971	-0.187400604586956	0.00042849	-0.826086956521739	0.983517542900499	-1.71714348140054	-1.90454408598749	1.12794571958038e-06
rs576062001	0.0169	-0.146153846153846	0.70298769771529	-0.599482618214788	0.00076176	1.22463768115942	0.971068743748663	-1.04324228773631	-1.64272490595109	1.46553037990453e-06
rs576198547	0.0324	-0.527777777777778	0.552486187845304	-0.325076595004967	0.00161604	0.741293532338308	0.940552409225455	-1.15290574456013	-1.4779823395651	1.7279915449498e-06
rs576266299	0.003364	0.603448275862069	0.922424130615257	-1.11029913952377	0.00018496	-0.889705882352941	0.99281798012229	-2.07514158847206	-3.18544072799582	3.13329912177049e-07
rs577002482	0.09	0.113333333333333	0.307692307692308	-0.18188632168659	0.00586756	-1.27937336814621	0.81334784378816	-0.17361192461602	-0.355498246302611	5.30921436614979e-06
rs577385702	0.0576	1.25	0.409836065573771	0.0565069633709077	0.00247009	-0.00804828973843058	0.911903100852955	-1.21462943756718	-1.15812247419627	2.37933168295693e-06
rs577574911	0.005476	-0.45945945945946	0.879584835957428	-0.965563406856524	0.00029584	1.17441860465116	0.988561743122301	-1.5536544679685	-2.51921787482503	6.10012544142066e-07
rs577592208	0.0144	2.5	0.735294117647059	1.63322614400709	0.00071824	1.34328358208955	0.972676448943701	-0.922449200421092	0.710776943585995	1.54208279592966e-05
rs577873085	0.006241	-1.06329113924051	0.865033195648883	-0.512365116700519	0.00037636	-1.26288659793814	0.985493706261933	-1.33071297422885	-1.84307809092937	1.19945108867285e-06
rs577971687	0.0144	-0.775	0.735294117647059	-0.443749958934089	0.00087025	0.888135593220339	0.967083975902431	-1.32548725686866	-1.76923721580275	1.29137158945201e-06
rs578100659	0.008464	0.934782608695652	0.825354902608121	-0.511894487570665	0.00039601	0.618090452261307	0.984747874946272	-1.90341374429038	-2.41530823186104	6.76809039262562e-07
rs58479665	0.000225	-0.48	0.994406463642014	-2.47851616021651	1.156e-05	1	0.999548080921577	-3.35122967163743	-5.82974583185394	2.22635667438977e-08
rs58921858	0.1024	0.4375	0.280898876404494	-0.137993742905335	0.00033489	-0.486338797814208	0.98707144697318	-2.05742475296433	-2.19541849586966	8.43263008190225e-07
rs59109820	0.2025	0.157777777777778	0.164948453608247	-0.0880778127682149	0.00026569	1.12883435582822	0.989715463661214	-1.65797604029808	-1.74605385306629	1.32165965852282e-06
rs60008653	0.0324	-0.372222222222222	0.552486187845304	-0.363750628154138	0.000324	-1.18888888888889	0.987486598683843	-1.49259273280507	-1.85634336095921	1.18364511313813e-06
rs60669359	0.2209	0.170212765957447	0.153315446531238	-0.0809925837333624	0.00026569	1.2638036809816	0.989715463661214	-1.49817027647156	-1.57916286020493	1.56170669228855e-06
rs60758599	0.000361	1.47368421052632	0.991055722107976	-1.2822104163167	1.849e-05	3.18604651162791	0.999277359810029	1.45547890461264	0.173268488295941	9.00887862790084e-06
rs60958555	0.0729	-0.666666666666667	0.354295837023915	-0.139974507842965	9.216e-05	1.07291666666667	0.996408473868026	-2.24108113636691	-2.38105564420987	7.0039310202319e-07
rs62088336	0.002601	-1.2156862745098	0.938945095185559	-0.704160623163753	0.00012769	-0.389380530973451	0.995030730700688	-2.57680935036963	-3.28096997353338	2.84782981679877e-07
rs62088347	0.001681	0.0951219512195122	0.959669873563494	-1.60098663195945	6.889e-05	0.578313253012048	0.997312881829095	-2.79286922473318	-4.39385585669263	9.35823258491511e-08
rs62089278	0.003969	-1.49206349206349	0.909731856535286	-0.189838484556972	0.00020449	0.244755244755245	0.992065644822295	-2.38856168504843	-2.57840016960541	5.74958133212942e-07
rs62091683	0.000676	-0.146153846153846	0.983380863408398	-2.03809724730709	3.136e-05	-0.107142857142857	0.998774980896957	-3.34666665583432	-5.38476390314141	3.47414497997193e-08
rs62264506	0.0784	-0.571428571428571	0.337837837837838	-0.150965199532431	0.00010609	1.36893203883495	0.995867857243833	-1.81136389218256	-1.96232909171499	1.06461478047098e-06
rs6565758	9.604e-05	-0.928571428571429	0.997604750992866	-2.58704423861228	5.29e-06	1.26086956521739	0.999793145497072	-3.4470158457004	-6.03406008431268	1.81493965393162e-08
rs6565759	0.000324	-1.27777777777778	0.991965082829084	-1.6021806386096	1.296e-05	-2.75	0.999493377965109	-0.0145383274210182	-1.61671896603062	1.50414277458978e-06
rs6565760	0.000324	-1.16666666666667	0.991965082829084	-1.73689194615429	1.296e-05	-2.77777777777778	0.999493377965109	0.0621974681866422	-1.67469447796765	1.41941900857557e-06
rs6565772	0.000484	-0.772727272727273	0.988044659618615	-1.91830419562069	2.209e-05	-3.17021276595745	0.999136783335085	1.4933643003986	-0.424939895222092	4.9530434287776e-06
rs6565773	0.000484	-0.772727272727273	0.988044659618615	-1.91830419562069	2.116e-05	-2.89130434782609	0.999173095135274	0.627453648960857	-1.29085054665983	2.08358833899313e-06
rs66906429	0.000529	1.65217391304348	0.986947617755188	-0.82236739221878	2.809e-05	0	0.998902577083071	-3.40739532531312	-4.2297627175319	1.10270305960615e-07
rs71262278	0.000225	-0.0133333333333333	0.994406463642014	-2.59298339314242	1.156e-05	-1.14705882352941	0.999548080921577	-3.19342904467533	-5.78641243781774	2.32495309614901e-08
rs71353144	0.000225	0.0266666666666667	0.994406463642014	-2.59271821808544	1.156e-05	1.11764705882353	0.999548080921577	-3.22671849200706	-5.8194367100925	2.24942717038312e-08
rs71353154	0.0784	-0.571428571428571	0.337837837837838	-0.150965199532431	0.00010404	1.56862745098039	0.995947379944754	-1.52888572232569	-1.67985092185812	1.41211869211251e-06
rs7230259	4e-04	-1.45	0.99009900990099	-1.26671867426222	1.764e-05	-3.40476190476191	0.999310557250553	2.15239221666296	0.885673542400742	1.83681035816635e-05
rs7233559	0.000484	-0.681818181818182	0.988044659618615	-1.98362946237233	2.209e-05	-2.42553191489362	0.999136783335085	-0.588359124363616	-2.57198858673595	5.78656368030975e-07
rs7236752	0.0576	-0.958333333333333	0.409836065573771	-0.0754801723303674	0.00237169	1.41683778234086	0.915114678783953	-0.314713037599881	-0.390193209930249	5.12817018790104e-06
rs7237009	0.000324	1.16666666666667	0.991965082829084	-1.73689194615429	1.296e-05	2.77777777777778	0.999493377965109	0.0621974681866422	-1.67469447796765	1.41941900857557e-06
rs7237511	0.000196	-0.65	0.995123892924669	-2.45148413158882	1.089e-05	-1.15151515151515	0.999574262312167	-3.21813226807149	-5.66961639966032	2.61299194349436e-08
rs7237777	0.2209	-0.0978723404255319	0.153315446531238	-0.0824792369088713	0.00121801	-1.89684813753582	0.954528537439757	0.171877347128932	0.0893981102200606	8.2841183266253e-06
rs7244650	1e-04	-0.9	0.997506234413965	-2.59299068871562	5.29e-06	-2.73913043478261	0.999793145497072	-0.491105676404703	-3.08409636512032	3.46748949915336e-07
rs72877494	0.000225	-0.626666666666667	0.994406463642014	-2.39781455121161	1.156e-05	1.05882352941176	0.999548080921577	-3.29070340376155	-5.68851795497316	2.56406617493158e-08
rs7408009	0.006889	1.56626506024096	0.853078547207234	0.0874516914912005	0.000289	1.51176470588235	0.988823246752075	-1.11701522502484	-1.02956353353364	2.70574849895685e-06
rs74587494	0.1936	0.179545454545455	0.171232876712329	-0.0911480577263513	0.000256	0.66875	0.990086833449789	-2.08554915989038	-2.17669721761673	8.59198672173532e-07
rs7504152	1e-04	-0.81	0.997506234413965	-2.66974879345377	5.76e-06	-2.54166666666667	0.999774771259024	-0.969889797239957	-3.63963859069373	1.98951048147281e-07
rs7504384	0.25	0.74	0.137931034482759	-0.0364444853177574	0.00081796	0.713286713286713	0.969000463292917	-1.49038848223639	-1.52683296755415	1.64560673060888e-06
rs7504938	0.0729	-0.366666666666667	0.354295837023915	-0.194890362581672	0.00010201	1.62376237623762	0.996026139330382	-1.45094521970966	-1.64583558229133	1.46097867234069e-06
rs7505011	0.000841	-0.551724137931034	0.979407947895497	-1.79235939214745	4.356e-05	0.818181818181818	0.998299221505179	-2.85419312233931	-4.64655251448676	7.26857156297389e-08
rs7505749	0.000121	0.118181818181818	0.996984123027841	-2.89496990091162	6.25e-06	2.96	0.999755615857578	0.221344793710339	-2.67362510720128	5.22733769093577e-07
rs7506433	0.000121	-0.172727272727273	0.996984123027841	-2.88705994423305	6.25e-06	-3.12	0.999755615857578	0.707625925263463	-2.17943401896958	8.56850430885832e-07
rs7506652	0.000324	1.16666666666667	0.991965082829084	-1.73689194615429	1.521e-05	2.61538461538462	0.999405475042288	-0.295788933369319	-2.03268087952361	9.92291104570947e-07
rs7506754	0.000289	0.764705882352941	0.992826826180844	-2.17841333827289	1.369e-05	2.08108108108108	0.999464856655601	-1.60219754947809	-3.78061088775098	1.72791645637724e-07
rs7506969	4e-04	-0.28	0.99009900990099	-2.26874837723252	2.304e-05	0.666666666666667	0.999099693360891	-3.2843654171933	-5.55311379442581	2.93585437148253e-08
rs79142584	0.2025	0.266666666666667	0.164948453608247	-0.0842660780094011	0.00026896	1.07317073170732	0.98959020359174	-1.71265072465862	-1.79691680266802	1.25611712275319e-06
rs79154372	0.000121	0.181818181818182	0.996984123027841	-2.88545323428271	6.25e-06	3.12	0.999755615857578	0.707625925263463	-2.17782730901925	8.58228247578575e-07
rs8083593	0.2116	0.456521739130435	0.158982511923688	-0.0700044729696654	0.00042025	0.482926829268293	0.983829380344946	-1.94755612360575	-2.01756059657542	1.00740883096886e-06
rs8084232	0.000361	1.42105263157895	0.991055722107976	-1.35770635082631	1.764e-05	3.40476190476191	0.999310557250553	2.15239221666296	0.794685865836647	1.67706105559619e-05
rs8084254	0.0729	-0.666666666666667	0.354295837023915	-0.139974507842965	9.025e-05	1.02105263157895	0.9964826458137	-2.30558237970854	-2.44555688755151	6.56643010894659e-07
rs8085281	0.2025	0.266666666666667	0.164948453608247	-0.0842660780094011	0.00026569	1.30061349693252	0.989715463661214	-1.45145782242997	-1.53572390043937	1.63104060080547e-06
rs8085370	0.25	0.58	0.137931034482759	-0.0510100025591367	0.00081225	0.663157894736842	0.969210201340973	-1.52716707553445	-1.57817707809358	1.56324695386539e-06
rs8087683	0.0729	-0.555555555555555	0.354295837023915	-0.164031632579157	9.025e-05	0.989473684210526	0.9964826458137	-2.33721587311859	-2.50124750569774	6.21073784347896e-07
rs8093820	0.0729	-0.666666666666667	0.354295837023915	-0.139974507842965	9.025e-05	1.06315789473684	0.9964826458137	-2.26185859824126	-2.40183310608423	6.85990850287795e-07
rs8097419	0.0784	-0.607142857142857	0.337837837837838	-0.143855091975895	0.00010404	1.6078431372549	0.995947379944754	-1.46685439762325	-1.61070948959914	1.51320909979213e-06
rs8098216	0.0729	-0.518518518518518	0.354295837023915	-0.171078669118041	0.00010201	1.4950495049505	0.996026139330382	-1.65086321993306	-1.8219418890511	1.22507274745995e-06
rs8099117	0.2025	0.266666666666667	0.164948453608247	-0.0842660780094011	0.00026896	1.10365853658537	0.98959020359174	-1.67981278382334	-1.76407886183274	1.29805015160208e-06
rs9748795	0.04	-1.2	0.5	0.0134264097200273	8.836e-05	1.15957446808511	0.996556051960364	-2.16557730491611	-2.15215089519609	8.80549813773457e-07
rs9748935	0.2025	0.288888888888889	0.164948453608247	-0.0832478776784859	0.00026896	1.10365853658537	0.98959020359174	-1.67981278382334	-1.76306066150183	1.29937249978942e-06
rs9949625	9.025e-05	-1.36842105263158	0.997748829204108	-2.11397207794563	4.84e-06	-0.454545454545455	0.999810738485541	-4.18290417914258	-6.29687625708821	1.39547665609231e-08
rs9950815	0.000361	1.47368421052632	0.991055722107976	-1.2822104163167	1.849e-05	3.04651162790698	0.999277359810029	1.02096349234263	-0.261246923974077	5.8339552040744e-06
rs9951706	0.000361	-1.52631578947368	0.991055722107976	-1.20396917509765	1.849e-05	-3.04651162790698	0.999277359810029	1.02096349234263	-0.183005682755026	6.30874290605919e-06
rs9957853	0.000324	-1.33333333333333	0.991965082829084	-1.53023255389823	1.296e-05	-2.72222222222222	0.999493377965109	-0.0905029090024723	-1.62073546290071	1.49811350621772e-06
rs9959604	0.0016	-1.025	0.961538461538462	-1.12394009593382	9.025e-05	-0.936842105263158	0.9964826458137	-2.38773009034404	-3.51167018627786	2.26111266931099e-07
rs9960347	0.1369	-0.405405405405405	0.226116449971735	-0.109585414624258	0.000441	-2.15238095238095	0.983044487782887	0.238515463603203	0.128930048978944	8.61816483592019e-06
rs9962079	0.0729	-0.555555555555555	0.354295837023915	-0.164031632579157	9.216e-05	0.864583333333333	0.996408473868026	-2.44217920075433	-2.60621083333349	5.5918846477092e-07
rs9962912	0.000324	1.33333333333333	0.991965082829084	-1.53023255389823	1.296e-05	2.69444444444444	0.999493377965109	-0.165696276557718	-1.69592883045595	1.38959631835058e-06
rs9963134	9.801e-05	0.727272727272727	0.997555739050392	-2.74318984212504	5.29e-06	-1.21739130434783	0.999793145497072	-3.50087993766007	-6.24406977978511	1.47114722732702e-08
rs9963960	0.0784	0.075	0.337837837837838	-0.205172228627853	0.00024025	0.0193548387096774	0.990691048076391	-2.33820382340531	-2.54337605203316	5.95452335181498e-07
rs9963973	1e-04	-0.79	0.997506234413965	-2.68570889320439	5.76e-06	-2.70833333333333	0.999774771259024	-0.532488334814134	-3.21819722801853	3.03232600046226e-07
rs9964570	0.4096	-0.134375	0.0889679715302491	-0.0457853810825632	0.00059049	-0.666666666666667	0.977426657099534	-1.67828686948054	-1.7240722505631	1.35103351524684e-06
