snp	V.df1	z.df1	r.df1	lABF.df1	V.df2	z.df2	r.df2	lABF.df2	internal.sum.lABF	SNP.PP.H4
rs10083052	5.776e-05	-3.15789473684211	0.998558082129405	1.70806936782314	4e-06	-2.05	0.999819115696177	-2.20795655137969	-0.49988718355655	9.08263138678227e-13
rs1011481	0.1936	0.863636363636364	0.171232876712329	-0.0300494962240304	0.00643204	-0.408977556109726	0.774643506354794	-0.680251397711243	-0.710300893935274	7.35919270980411e-13
rs1025	5.776e-05	-3.02631578947368	0.998558082129405	1.30180006501772	3.24e-06	-2.72222222222222	0.999853478678256	-0.709465783684753	0.59233428133297	2.70743129247667e-12
rs1026	5.776e-05	3.15789473684211	0.998558082129405	1.70806936782314	4e-06	2.3	0.999819115696177	-1.6643049072199	0.0437644606032448	1.56428758344272e-12
rs10735674	0.001521	-0.246153846153846	0.963367934298307	-1.62422959690658	9.025e-05	-0.168421052631579	0.995934654036214	-2.73850304843824	-4.36273264534482	1.90809160359088e-14
rs10747096	8.836e-05	-0.627659574468085	0.997795868925543	-2.86216685436211	5.76e-06	3.54166666666667	0.999739547331686	2.14352320312168	-0.718643651240437	7.2980521461294e-13
rs10747098	0.0016	0.2075	0.961538461538462	-1.60834814881843	8.464e-05	0.326086956521739	0.996186394928472	-2.73162656597197	-4.33997471479041	1.95201371227215e-14
rs10781671	7.569e-05	0	0.99811132384745	-3.1359395718626	5.29e-06	2.21739130434783	0.999760794462293	-1.71126966009338	-4.84720923195598	1.17542172198509e-14
rs10870580	0.000324	-0.1	0.991965082829084	-2.40701946877661	2.025e-05	0.0222222222222222	0.999084945632718	-3.49801685068897	-5.90503631946558	4.08117526063913e-15
rs10870581	0.000225	1.73333333333333	0.994406463642014	-1.09925229722363	1.521e-05	4.12820512820513	0.999312535929677	4.87393038669051	3.77467808946688	6.5257705485675e-11
rs10870582	6.561e-05	-0.604938271604938	0.998362436014328	-3.02459723529914	4.41e-06	-3.71428571428571	0.999800578752432	2.63653800974585	-0.388059225553291	1.01572923834225e-12
rs10870583	5.776e-05	-3.15789473684211	0.998558082129405	1.70806936782314	4e-06	-2.05	0.999819115696177	-2.20795655137969	-0.49988718355655	9.08263138678227e-13
rs10870584	5.776e-05	3.15789473684211	0.998558082129405	1.70806936782314	3.24e-06	2.5	0.999853478678256	-1.28962767872028	0.418441689102859	2.27529048644461e-12
rs10870585	5.776e-05	3.15789473684211	0.998558082129405	1.70806936782314	3.24e-06	2.5	0.999853478678256	-1.28962767872028	0.418441689102859	2.27529048644461e-12
rs10870587	5.776e-05	3.15789473684211	0.998558082129405	1.70806936782314	3.24e-06	2.55555555555556	0.999853478678256	-1.14921615625158	0.558853211571566	2.61828429248838e-12
rs10870588	5.776e-05	3.15789473684211	0.998558082129405	1.70806936782314	4e-06	2	0.999819115696177	-2.30918823684393	-0.601118869020788	8.20818859773539e-13
rs10870589	6.084e-05	2.56410256410256	0.9984813099276	0.0373650179910143	3.61e-06	-1.68421052631579	0.999836749036669	-2.94205993195191	-2.90469491396089	8.2000587061021e-14
rs10870590	6.084e-05	2.69230769230769	0.9984813099276	0.37380267173059	3.61e-06	-1.63157894736842	0.999836749036669	-3.02930330479029	-2.6555006330597	1.05206037297934e-13
rs111321589	0.0961	0.032258064516129	0.293901542983101	-0.173847382406152	0.000729	-0.933333333333333	0.968080330918683	-1.30061367043478	-1.47446105284093	3.42735930126032e-13
rs111352470	7.225e-05	0.670588235294118	0.998197006656726	-2.93471461549969	5.29e-06	3.78260869565217	0.999760794462293	2.98325928781652	0.0485446723168286	1.57178311010168e-12
rs111396878	0.009409	-1.34020618556701	0.809569106842883	-0.102178121809606	0.00323761	-1.00702987697715	0.872269483780565	-0.58662804575386	-0.688806167563466	7.51908884903517e-13
rs111416426	7.225e-05	-0.752941176470588	0.998197006656726	-2.87620438265275	5.29e-06	-3.82608695652174	0.999760794462293	3.14862614890433	0.272421766251575	1.9661706287286e-12
rs111462894	0.000324	-0.888888888888889	0.991965082829084	-2.02009185406075	2.116e-05	-0.695652173913044	0.99904386398826	-3.23457057051513	-5.25466242457588	7.82058137094449e-15
rs11147207	0.003136	0.357142857142857	0.927299703264095	-1.25156589471308	0.000144	0.183333333333333	0.993529131809428	-2.50352568716242	-3.7550915818755	3.50343755691314e-14
rs11147233	5.625e-05	3.2	0.998595724762053	1.8286931336977	3.24e-06	2.83333333333333	0.999853478678256	-0.400869031006279	1.42782410269142	6.24318297321165e-12
rs11147234	0.001521	-0.0333333333333333	0.963367934298307	-1.65288045062649	0.000144	-3	0.993529131809428	1.95065859695932	0.297778146332834	2.01666304565683e-12
rs11147235	9.801e-05	3.13131313131313	0.997555739050392	1.88357158892819	6.76e-06	6.61538461538462	0.999694343675556	17.8284439329826	19.7120155219108	0.000544665042850446
rs11147237	0.0081	-2.44444444444444	0.831600831600832	1.59382676015249	0.00041209	-2.54187192118227	0.981702513544353	1.17094957893204	2.76477633908453	2.37704302221282e-11
rs11147238	5.776e-05	3.15789473684211	0.998558082129405	1.70806936782314	3.24e-06	2.77777777777778	0.999853478678256	-0.556710391108907	1.15135897671424	4.73520499004153e-12
rs11147239	6.561e-05	-0.506172839506173	0.998362436014328	-3.07937706717922	3.61e-06	-4.42105263157895	0.999836749036669	5.41114681346248	2.33176974628327	1.54164602772855e-11
rs11147241	0.002116	-0.608695652173913	0.949757811758002	-1.31950252906675	0.00017424	2.31818181818182	0.992180874760454	0.240382314481179	-1.07912021458557	5.08925227968723e-13
rs11147242	0.000225	-1.73333333333333	0.994406463642014	-1.09925229722363	1.521e-05	-4.28205128205128	0.999312535929677	5.52042843754836	4.42117614032474	1.24566807925289e-10
rs11147243	7.225e-05	0.705882352941176	0.998197006656726	-2.91046775395391	5.29e-06	3.91304347826087	0.999760794462293	3.48502959203152	0.574561838077613	2.65973868587685e-12
rs11147244	0.000324	0.127777777777778	0.991965082829084	-2.40388130763494	1.764e-05	0.30952380952381	0.999202791950401	-3.51933313009171	-5.92321443772665	4.00765740667877e-15
rs11147245	0.000324	-0.133333333333333	0.991965082829084	-2.40316182678783	2.116e-05	0.0869565217391304	0.99904386398826	-3.47252808821366	-5.87568991500149	4.20271777573855e-15
rs11147246	0.000324	-0.127777777777778	0.991965082829084	-2.40388130763494	2.025e-05	0.0444444444444445	0.999084945632718	-3.49727678776628	-5.90115809540122	4.09703370416773e-15
rs11147248	5.776e-05	-3.28947368421053	0.998558082129405	2.13162672606709	4e-06	-2.05	0.999819115696177	-2.20795655137969	-0.0763298253126008	1.38726782067476e-12
rs11147249	0.000169	2.30769230769231	0.995792775523413	-0.0839568341938728	9.61e-06	5.54838709677419	0.99956553567942	11.514913916463	11.4309570822691	1.37946764299546e-07
rs11147250	5.776e-05	3.15789473684211	0.998558082129405	1.70806936782314	3.24e-06	2.5	0.999853478678256	-1.28962767872028	0.418441689102859	2.27529048644461e-12
rs11147251	6.084e-05	-2.69230769230769	0.9984813099276	0.37380267173059	3.61e-06	1.57894736842105	0.999836749036669	-3.11377704674491	-2.73997437501432	9.66839049483516e-14
rs11147252	5.776e-05	-3.15789473684211	0.998558082129405	1.70806936782314	3.24e-06	-2.5	0.999853478678256	-1.28962767872028	0.418441689102859	2.27529048644461e-12
rs11147253	6.561e-05	2.83950617283951	0.998362436014328	0.817523223189466	4e-06	-1.5	0.999819115696177	-3.18402996307809	-2.36650673988862	1.40458852426931e-13
rs11147254	5.776e-05	-3.15789473684211	0.998558082129405	1.70806936782314	4e-06	-2.05	0.999819115696177	-2.20795655137969	-0.49988718355655	9.08263138678227e-13
rs11147255	5.776e-05	-3.28947368421053	0.998558082129405	2.13162672606709	4e-06	-2.05	0.999819115696177	-2.20795655137969	-0.0763298253126008	1.38726782067476e-12
rs11147259	0.000324	0.127777777777778	0.991965082829084	-2.40388130763494	1.764e-05	0.166666666666667	0.999202791950401	-3.55331961961383	-5.95720092724878	3.87373978536729e-15
rs11147261	0.000324	0.0611111111111111	0.991965082829084	-2.41012701371202	1.764e-05	0.285714285714286	0.999202791950401	-3.52641364874215	-5.93654066245417	3.9546047444215e-15
rs11147262	6.084e-05	2.69230769230769	0.9984813099276	0.37380267173059	4.41e-06	-1.47619047619048	0.999800578752432	-3.1706936965452	-2.79689102481461	9.13346556619451e-14
rs11147263	0.000484	-0.0363636363636364	0.988044659618615	-2.21263535062856	2.809e-05	0.188679245283019	0.998731122261	-3.31703387676157	-5.52966922739013	5.94025518619188e-15
rs11147266	0.000324	0.0944444444444444	0.991965082829084	-2.40755525238616	2.025e-05	0.111111111111111	0.999084945632718	-3.49209634730745	-5.89965159969361	4.1032105193616e-15
rs11147267	6.084e-05	-2.69230769230769	0.9984813099276	0.37380267173059	4.41e-06	1.42857142857143	0.999800578752432	-3.23984090210518	-2.86603823037459	8.52325233202081e-14
rs11147268	6.084e-05	2.69230769230769	0.9984813099276	0.37380267173059	4.41e-06	-1.47619047619048	0.999800578752432	-3.1706936965452	-2.79689102481461	9.13346556619451e-14
rs11147269	0.000324	0.15	0.991965082829084	-2.40081968700893	1.849e-05	-0.0697674418604651	0.999164409828869	-3.54125443114366	-5.94207411815259	3.93278254602885e-15
rs11147270	0.000324	-0.127777777777778	0.991965082829084	-2.40388130763494	2.025e-05	0.0888888888888889	0.999084945632718	-3.49431653607552	-5.89819784371046	4.10917992418192e-15
rs11147272	6.084e-05	2.69230769230769	0.9984813099276	0.37380267173059	3.61e-06	-1.63157894736842	0.999836749036669	-3.02930330479029	-2.6555006330597	1.05206037297934e-13
rs11147274	0.000324	-0.122222222222222	0.991965082829084	-2.4045701722758	1.681e-05	-0.439024390243902	0.999240273808876	-3.49497824033395	-5.89954841260975	4.10363393953495e-15
rs11147276	5.776e-05	3.15789473684211	0.998558082129405	1.70806936782314	4e-06	1.9	0.999819115696177	-2.50415296440469	-0.796083596581543	6.75422029170023e-13
rs11147281	6.084e-05	-2.56410256410256	0.9984813099276	0.0373650179910143	3.61e-06	1.68421052631579	0.999836749036669	-2.94205993195191	-2.90469491396089	8.2000587061021e-14
rs11147282	6.561e-05	2.83950617283951	0.998362436014328	0.817523223189466	4e-06	-1.6	0.999819115696177	-3.02905800014518	-2.21153477695571	1.64003299008038e-13
rs11147284	5.776e-05	-3.15789473684211	0.998558082129405	1.70806936782314	3.24e-06	-2.38888888888889	0.999853478678256	-1.56119282107734	0.146876546745802	1.73419371576137e-12
rs11147285	5.776e-05	-3.15789473684211	0.998558082129405	1.70806936782314	4e-06	-2	0.999819115696177	-2.30918823684393	-0.601118869020788	8.20818859773539e-13
rs11147286	6.084e-05	-2.56410256410256	0.9984813099276	0.0373650179910143	3.61e-06	1.68421052631579	0.999836749036669	-2.94205993195191	-2.90469491396089	8.2000587061021e-14
rs11147287	0.002401	0.938775510204082	0.943373977028844	-1.01994582722611	0.00020164	-2.28169014084507	0.99096239577286	0.22634898958871	-0.793596837637404	6.77103731069115e-13
rs11147288	7.056e-05	2.26190476190476	0.998239106216634	-0.6173648616915	4e-06	-1.55	0.999819115696177	-3.10779375550625	-3.72515861719775	3.60989111661874e-14
rs11147290	6.084e-05	-2.56410256410256	0.9984813099276	0.0373650179910143	4.41e-06	1.42857142857143	0.999800578752432	-3.23984090210518	-3.20247588411417	6.08824792553159e-14
rs11147291	6.084e-05	2.56410256410256	0.9984813099276	0.0373650179910143	3.61e-06	-1.68421052631579	0.999836749036669	-2.94205993195191	-2.90469491396089	8.2000587061021e-14
rs11147297	6.084e-05	2.82051282051282	0.9984813099276	0.72665191833551	3.61e-06	-1.68421052631579	0.999836749036669	-2.94205993195191	-2.2154080136164	1.63369304016766e-13
rs11147298	6.084e-05	2.82051282051282	0.9984813099276	0.72665191833551	3.61e-06	-1.63157894736842	0.999836749036669	-3.02930330479029	-2.30265138645478	1.49720456794808e-13
rs11147299	6.241e-05	2.78481012658228	0.998442180587738	0.639309021252683	3.61e-06	-1.68421052631579	0.999836749036669	-2.94205993195191	-2.30275091069922	1.4970555672094e-13
rs11147300	6.241e-05	-2.78481012658228	0.998442180587738	0.639309021252683	3.61e-06	1.68421052631579	0.999836749036669	-2.94205993195191	-2.30275091069922	1.4970555672094e-13
rs111800060	6.724e-05	2.92682926829268	0.998321821018867	1.08095385912775	4.84e-06	-1.45454545454545	0.999781138305989	-3.15591556436814	-2.07496170524038	1.88003318682358e-13
rs111951240	0.000361	0.257894736842105	0.991055722107976	-2.3254132393705	2.401e-05	2.10204081632653	0.99891522355201	-1.20629946258625	-3.53171270195675	4.38032764125189e-14
rs112204145	0.0961	-0.0806451612903226	0.293901542983101	-0.173044581625371	0.00072361	-0.903345724907063	0.968308855815181	-1.33077276847116	-1.50381735009654	3.32820721251185e-13
rs112278581	9e-04	-0.466666666666667	0.97799511002445	-1.80175248848396	5.776e-05	-0.986842105263158	0.997394365172647	-2.48937955681417	-4.29113204529813	2.04972201637666e-14
rs112287934	9e-04	0.306666666666667	0.97799511002445	-1.86225778595748	5.476e-05	0.959459459459459	0.997529365030065	-2.54249600398855	-4.40475378994602	1.82957269125346e-14
rs112458148	9e-04	-0.466666666666667	0.97799511002445	-1.80175248848396	5.776e-05	-0.618421052631579	0.997394365172647	-2.78431542518586	-4.58606791366982	1.52618066002915e-14
rs112930830	7.225e-05	0.752941176470588	0.998197006656726	-2.87620438265275	5.29e-06	3.82608695652174	0.999760794462293	3.14862614890433	0.272421766251575	1.9661706287286e-12
rs11297	0.000169	-2.15384615384615	0.995792775523413	-0.425708200941553	1.156e-05	-4.44117647058824	0.999477423016041	6.07850143095105	5.6527932300095	4.26861357797804e-10
rs112980598	0.0036	-1.26666666666667	0.917431192660551	-0.511077962334332	0.00047524	0.591743119266055	0.978957550046882	-1.75921087931473	-2.27028884164906	1.54645048139904e-13
rs1134645	6.4e-05	-2.75	0.998402555910543	0.555534478986716	4.41e-06	1.47619047619048	0.999800578752432	-3.1706936965452	-2.61515921755849	1.09536968365394e-13
rs1134646	6.4e-05	2.75	0.998402555910543	0.555534478986716	4.41e-06	-1.47619047619048	0.999800578752432	-3.1706936965452	-2.61515921755849	1.09536968365394e-13
rs113827958	0.0025	0.24	0.941176470588235	-1.38950078967517	0.00018225	-0.288888888888889	0.991824359935634	-2.36191089624098	-3.75141168591615	3.51635359288159e-14
rs113984215	0.0169	-1.46153846153846	0.70298769771529	0.143833279082453	0.006724	-0.186585365853659	0.766799704182264	-0.714581057683999	-0.570747778601546	8.46130448258674e-13
rs114146970	0.1369	-1.75675675675676	0.226116449971735	0.220752715356363	0.00178929	-0.598108747044917	0.925130778036407	-1.13053079653519	-0.909778081178826	6.02834826298588e-13
rs114344826	0.04	2.05	0.5	0.704051409720027	0.00020449	0.125874125874126	0.990835827984267	-2.33837732401958	-1.63432591429955	2.92099765381581e-13
rs114359148	0.1936	-0.0272727272727273	0.171232876712329	-0.0938443564074336	0.00101761	-0.887147335423198	0.955999415231498	-1.185575878905	-1.27942023531243	4.16547743449339e-13
rs114411349	0.008464	-0.934782608695652	0.825354902608121	-0.511894487570665	0.000361	0.0157894736842105	0.983934550969967	-2.06541951686774	-2.57731400443841	1.13761859989718e-13
rs114721298	0.1089	-0.187878787878788	0.268636668905306	-0.151681227349023	0.00110889	-1.00600600600601	0.952241044558559	-1.03893747818126	-1.19061870553028	4.55229922252572e-13
rs115255920	0.2209	0.680851063829787	0.153315446531238	-0.0476782268592138	0.00223729	0.993657505285412	0.908107705103331	-0.745256598131044	-0.792934824990258	6.77552130709254e-13
rs115422032	0.0529	1.73913043478261	0.430570505920345	0.369586169275114	0.00036481	0.910994764397906	0.983767748213601	-1.65215751794008	-1.28257134866496	4.15237220181078e-13
rs115756165	0.0576	1.58333333333333	0.409836065573771	0.250040661002966	0.00037249	1.13989637305699	0.983431687725367	-1.41121391496191	-1.16117325395895	4.68833674296959e-13
rs115933050	0.2601	-0.0882352941176471	0.133288903698767	-0.071005931806719	0.00078961	0.540925266903915	0.965517998272643	-1.54240353722136	-1.61340946902808	2.98273798458348e-13
rs11608611	7.225e-05	-0.694117647058824	0.998197006656726	-2.91868819989108	5.29e-06	-3.95652173913044	0.999760794462293	3.65606617407092	0.737377974179833	3.1300344650138e-12
rs11608885	7.225e-05	-0.741176470588235	0.998197006656726	-2.88497746361091	5.29e-06	-3.82608695652174	0.999760794462293	3.14862614890433	0.263648685293415	1.94899669891545e-12
rs11609382	7.225e-05	0.717647058823529	0.998197006656726	-2.90210914926149	4.41e-06	4.42857142857143	0.999800578752432	5.54412132550548	2.64201217624399	2.1024285411986e-11
rs11609488	0.002304	1.41666666666667	0.94553706505295	-0.506297270835627	0.00084681	1.00343642611684	0.963112235730638	-1.16506621865665	-1.67136348949228	2.81478996213044e-13
rs11609539	7.225e-05	-0.611764705882353	0.998197006656726	-2.97236287630439	4.41e-06	-4.57142857142857	0.999800578752432	6.18685026898918	3.21448739268479	3.7268685163375e-11
rs11609759	0.000676	-1.15384615384615	0.983380863408398	-1.39398278177459	3.6e-05	0.633333333333333	0.998374393638988	-3.01070766261314	-4.40469044438773	1.82968859022783e-14
rs11610678	7.396e-05	-0.744186046511628	0.998154412491304	-2.87108342878834	5.29e-06	-3.82608695652174	0.999760794462293	3.14862614890433	0.277542720115987	1.97626512246627e-12
rs11613951	7.225e-05	-0.647058823529412	0.998197006656726	-2.95018839608731	5.29e-06	-3.73913043478261	0.999760794462293	2.81978233371257	-0.130406062374739	1.31424187586515e-12
rs11614654	6.561e-05	0.716049382716049	0.998362436014328	-2.95132921015955	4e-06	4.1	0.999819115696177	4.09465319919008	1.14332398903054	4.697310122541e-12
rs11614903	7.225e-05	0.705882352941176	0.998197006656726	-2.91046775395391	5.29e-06	3.95652173913044	0.999760794462293	3.65606617407092	0.745598420117006	3.15587079168602e-12
rs11614923	7.225e-05	0.694117647058824	0.998197006656726	-2.91868819989108	5.29e-06	3.95652173913044	0.999760794462293	3.65606617407092	0.737377974179833	3.1300344650138e-12
rs11614973	7.225e-05	-0.647058823529412	0.998197006656726	-2.95018839608731	4e-06	-4.65	0.999819115696177	6.500467946334	3.55027955024669	5.21406873786364e-11
rs11615248	7.056e-05	0.714285714285714	0.998239106216634	-2.91631405046989	4.41e-06	4.52380952380952	0.999800578752432	5.97034016633418	3.05402611586429	3.17436326053221e-11
rs11615281	7.225e-05	0.764705882352941	0.998197006656726	-2.86729314293934	4.41e-06	4.23809523809524	0.999800578752432	4.71888910177331	1.85159595883397	9.53779188746034e-12
rs11615340	7.056e-05	0.678571428571429	0.998239106216634	-2.94114270170869	4.41e-06	4.57142857142857	0.999800578752432	6.18685026898918	3.24570756728049	3.84505734024721e-11
rs11615685	7.225e-05	0.623529411764706	0.998197006656726	-2.96510954165394	4.41e-06	4.38095238095238	0.999800578752432	5.33441258733178	2.36930304567784	1.60060869965455e-11
rs116157853	0.2025	-0.6	0.164948453608247	-0.0604401902659875	0.00109561	-1.46223564954683	0.952785998494972	-0.50794075633749	-0.568380946603477	8.48135468715449e-13
rs11616044	7.225e-05	0.623529411764706	0.998197006656726	-2.96510954165394	4.41e-06	4.66666666666667	0.999800578752432	6.6266718387805	3.66156229712656	5.82782141706704e-11
rs116221957	0.0576	1.20833333333333	0.409836065573771	0.0355170954291954	0.00036864	1.15104166666667	0.983600126843495	-1.40365645077289	-1.3681393553437	3.81183911167033e-13
rs116911868	0.4096	0.34375	0.0889679715302491	-0.0413322039528924	0.00262144	-1.244140625	0.894001957028856	-0.43026081419516	-0.471593018148053	9.34328698897824e-13
rs117006770	0.000324	0	0.991965082829084	-2.41197929419075	2.209e-05	2.04255319148936	0.999001882941061	-1.37089031140344	-3.78286960559419	3.40745821511778e-14
rs117169458	0.000576	-0.708333333333333	0.985804416403785	-1.88010535144921	3.844e-05	-1.64516129032258	0.998264404880144	-1.82727336473684	-3.70737871618604	3.67464860828553e-14
rs117473141	0.000361	-0.0894736842105263	0.991055722107976	-2.35440367822219	2.401e-05	-2.10204081632653	0.99891522355201	-1.20629946258625	-3.56070314080844	4.255163074521e-14
rs117534818	0.002209	0.361702127659574	0.947665189888412	-1.4130559979254	0.000121	-0.672727272727273	0.994557047739778	-2.38166748011293	-3.79472347803833	3.36730509523059e-14
rs117592781	0.000784	0.307142857142857	0.980776775205963	-1.92955641391448	5.776e-05	0.460526315789474	0.997394365172647	-2.86927353246857	-4.79882994638305	1.23368580884024e-14
rs117621547	0.003136	1.10714285714286	0.927299703264095	-0.742379004081455	0.002116	1.06739130434783	0.912654319532006	-0.699036272552929	-1.44141527663438	3.54251121300474e-13
rs117746850	0.002304	0.708333333333333	0.94553706505295	-1.21791240573225	0.00012996	0.62280701754386	0.994156354645772	-2.37838928729426	-3.59630169302651	4.10634991124212e-14
rs117764920	0.002401	-0.571428571428571	0.943373977028844	-1.2816230736656	0.00016129	0.0078740157480315	0.992757805109733	-2.46388470289131	-3.74550777655691	3.53717522981745e-14
rs117809645	0.000676	-2.23076923076923	0.983380863408398	0.398214294733019	4.489e-05	0.671641791044776	0.997973772576794	-2.87569548415343	-2.47748118942041	1.25705281454731e-13
rs117910300	0.008649	0.0688172043010753	0.822216283993504	-0.861646843989396	0.00060516	-0.861788617886179	0.973358271774394	-1.45119160440413	-2.31283844839352	1.48202987627222e-13
rs118176574	0.004096	0.75	0.90711175616836	-0.933053912404642	0.00024336	0.743589743589744	0.989112842815719	-1.98663275335033	-2.91968666575497	8.07804236590929e-14
rs12296133	0.2704	-0.0730769230769231	0.128865979381443	-0.0686356346547671	0.00229441	0.288100208768267	0.905982187656616	-1.14453646622971	-1.21317210088448	4.45077853965733e-13
rs12296134	0.2704	-0.0846153846153846	0.128865979381443	-0.0685183971143535	0.00228484	0.294979079497908	0.906337606994288	-1.14459784099895	-1.2131162381133	4.45102717942524e-13
rs12296283	6.084e-05	2.69230769230769	0.9984813099276	0.37380267173059	3.61e-06	-1.63157894736842	0.999836749036669	-3.02930330479029	-2.6555006330597	1.05206037297934e-13
rs12297889	6.241e-05	2.78481012658228	0.998442180587738	0.639309021252683	3.61e-06	-1.63157894736842	0.999836749036669	-3.02930330479029	-2.3899942835376	1.37198260541527e-13
rs12303321	0.000324	-0.0611111111111111	0.991965082829084	-2.41012701371202	2.025e-05	0.133333333333333	0.999084945632718	-3.48938278325758	-5.89950979696959	4.10379240704611e-15
rs12304425	0.000324	-0.127777777777778	0.991965082829084	-2.40388130763494	1.764e-05	-0.380952380952381	0.999202791950401	-3.49469292518817	-5.89857423282312	4.1076335646312e-15
rs12305745	5.776e-05	-3.15789473684211	0.998558082129405	1.70806936782314	3.24e-06	-2.38888888888889	0.999853478678256	-1.56119282107734	0.146876546745802	1.73419371576137e-12
rs12305809	5.929e-05	-3.24675324675325	0.998519943813283	2.00506477162603	3.24e-06	-2.33333333333333	0.999853478678256	-1.69234644096569	0.312718330660332	2.04701855712025e-12
rs12310357	5.776e-05	3.15789473684211	0.998558082129405	1.70806936782314	4e-06	1.95	0.999819115696177	-2.40792037451893	-0.699851006695786	7.43649865954029e-13
rs12310822	0.000324	-0.0777777777777778	0.991965082829084	-2.40897890597726	1.681e-05	-0.195121951219512	0.999240273808876	-3.57225440666063	-5.98123331263789	3.78175432020634e-15
rs12312938	0.000324	-0.0888888888888889	0.991965082829084	-2.40806041978945	2.025e-05	0.177777777777778	0.999084945632718	-3.48247552931246	-5.89053594910192	4.1407849502647e-15
rs12313498	5.776e-05	3.15789473684211	0.998558082129405	1.70806936782314	3.24e-06	2.5	0.999853478678256	-1.28962767872028	0.418441689102859	2.27529048644461e-12
rs12315208	6.561e-05	-2.83950617283951	0.998362436014328	0.817523223189466	4e-06	1.5	0.999819115696177	-3.18402996307809	-2.36650673988862	1.40458852426931e-13
rs12316313	0.000324	0.0888888888888889	0.991965082829084	-2.40806041978945	2.025e-05	-0.177777777777778	0.999084945632718	-3.48247552931246	-5.89053594910192	4.1407849502647e-15
rs12316356	6.561e-05	2.96296296296296	0.998362436014328	1.17511379240661	4.84e-06	-1.5	0.999781138305989	-3.08878150032899	-1.91366770792239	2.20909609829938e-13
rs12318424	6.561e-05	2.83950617283951	0.998362436014328	0.817523223189466	4.84e-06	-1.63636363636364	0.999781138305989	-2.87498532715819	-2.05746210396872	1.91322257149172e-13
rs12318693	5.776e-05	3.15789473684211	0.998558082129405	1.70806936782314	4e-06	1.95	0.999819115696177	-2.40792037451893	-0.699851006695786	7.43649865954029e-13
rs12319764	6.084e-05	2.69230769230769	0.9984813099276	0.37380267173059	4.41e-06	-1.33333333333333	0.999800578752432	-3.37133394874382	-2.99753127701323	7.47306296421232e-14
rs12320759	6.561e-05	-2.96296296296296	0.998362436014328	1.17511379240661	4e-06	1.55	0.999819115696177	-3.10779375550625	-1.93267996309964	2.16749293768953e-13
rs12322454	6.561e-05	-0.493827160493827	0.998362436014328	-3.08553979826572	3.61e-06	-4.47368421052632	0.999836749036669	5.64518062314004	2.55964082487432	1.93618932009462e-11
rs12422666	6.724e-05	2.80487804878049	0.998321821018867	0.732046024595577	4.84e-06	-1.31818181818182	0.999781138305989	-3.34492377543218	-2.61287775083661	1.09787158605367e-13
rs12422899	5.776e-05	-3.15789473684211	0.998558082129405	1.70806936782314	3.24e-06	-2.72222222222222	0.999853478678256	-0.709465783684753	0.998603584138391	4.06441420513097e-12
rs12422907	6.561e-05	2.83950617283951	0.998362436014328	0.817523223189466	4.84e-06	-1.59090909090909	0.999781138305989	-2.94831638172402	-2.13079315853455	1.7779445963668e-13
rs12423723	0.04	-0.055	0.5	-0.345817340279973	0.00456976	1.16272189349112	0.828715419922644	-0.322035059880368	-0.66785240016034	7.678304344701e-13
rs12423833	6.724e-05	3.29268292682927	0.998321821018867	2.21676021409419	4.84e-06	-1	0.999781138305989	-3.71364471177024	-1.49688449767605	3.35136135131379e-13
rs12426294	6.724e-05	-2.80487804878049	0.998321821018867	0.732046024595577	4.84e-06	1.36363636363636	0.999781138305989	-3.28398670191973	-2.55194067732415	1.16685308845681e-13
rs12578844	7.225e-05	0.694117647058824	0.998197006656726	-2.91868819989108	4.41e-06	4.52380952380952	0.999800578752432	5.97034016633418	3.0516519664431	3.16683578704373e-11
rs12581148	1e-04	0.35	0.997506234413965	-2.93588345679542	6.25e-06	4	0.999717397029399	3.91200538819048	0.976121931395069	3.97405892994334e-12
rs12582332	7.225e-05	0.717647058823529	0.998197006656726	-2.90210914926149	5.29e-06	3.95652173913044	0.999760794462293	3.65606617407092	0.753957024809426	3.18236002036452e-12
rs12809400	0.000144	-0.458333333333333	0.996412913511359	-2.71054953092581	1.024e-05	1.71875	0.999537066812474	-2.36259690342112	-5.07314643434693	9.37714069071132e-15
rs12826062	9e-04	0.23	0.97799511002445	-1.88237731869315	4.096e-05	-2.390625	0.998150835368926	-0.294250770204148	-2.17662808889729	1.69829200929022e-13
rs12828318	1e-04	3.5	0.997506234413965	3.11274497213227	5.29e-06	7.52173913043478	0.999760794462293	24.1124193673788	27.225164339511	0.997811662988986
rs137867519	0.3844	0.629032258064516	0.0942507068803016	-0.0308497304351467	0.00346921	0.139219015280136	0.864371628110629	-0.990541749552751	-1.0213914799879	5.39169417925491e-13
rs137879891	6.084e-05	3.20512820512821	0.9984813099276	1.88366921534235	4e-06	2	0.999819115696177	-2.30918823684393	-0.425519021501585	9.78384066499972e-13
rs138182594	0.0144	0.583333333333333	0.735294117647059	-0.539465849456965	0.00072361	-1.71747211895911	0.968308855815181	-0.297743610543656	-0.837209460000621	6.48208147777543e-13
rs138369699	6.4e-05	2.75	0.998402555910543	0.555534478986716	4.41e-06	-1.52380952380952	0.999800578752432	-3.09927936949146	-2.54374489050474	1.17645566420013e-13
rs138420695	0.000324	-0.272222222222222	0.991965082829084	-2.37522453857544	1.936e-05	0.227272727272727	0.999125127652089	-3.49491243373808	-5.87013697231352	4.22612014254713e-15
rs138954536	0.0289	-0.441176470588235	0.58055152394775	-0.377908981377843	0.00700569	0.719235364396655	0.759380923964132	-0.515856406950708	-0.893765388328551	6.12565534717066e-13
rs138978156	0.01	-1.9	0.8	0.63928104378295	0.00055225	1.92340425531915	0.975630832294488	-0.0525529896339136	0.586728054149036	2.69229528515742e-12
rs139663292	6.889e-05	3.01204819277108	0.998280711045402	1.34549585367321	4.84e-06	-1.63636363636364	0.999781138305989	-2.87498532715819	-1.52948947348498	3.24385248165629e-13
rs139715433	0.003481	1.45762711864407	0.91994204365125	-0.285212459551889	0.00035721	0.587301587301587	0.984100534250658	-1.90101535521204	-2.18622781476393	1.68206687458393e-13
rs139886437	0.0361	2.47368421052632	0.525624178712221	1.23529932347008	0.00123904	-0.0994318181818182	0.946933058135293	-1.46341953905486	-0.228120215584785	1.19189660715041e-12
rs140162150	0.3721	1.63934426229508	0.0970638194612958	0.0793753603976083	0.00077284	-1.07553956834532	0.966225604153769	-1.13516832329171	-1.05579296289411	5.20936606405959e-13
rs140318283	0.0121	0.436363636363636	0.767754318618042	-0.656884460884265	0.00375769	1.71451876019576	0.854731882521888	0.291686977907717	-0.365197482976547	1.03921805329231e-12
rs140585691	0.001156	-0.558823529411765	0.971911750413063	-1.63444586039332	7.569e-05	-1.5632183908046	0.996588277221344	-1.6226116132639	-3.25705747365722	5.76484780663142e-14
rs140706171	0.0784	-1.5	0.337837837837838	0.173945170020796	9e-04	0.326666666666667	0.960885861587707	-1.56936704159383	-1.39542187157303	3.70924837931912e-13
rs140742981	0.3136	0.25	0.113122171945701	-0.0564889532703146	0.00113569	-1.16913946587537	0.951143184344367	-0.859378024023827	-0.915866977294142	5.99175379966888e-13
rs140817329	6.4e-05	-2.75	0.998402555910543	0.555534478986716	4.41e-06	1.52380952380952	0.999800578752432	-3.09927936949146	-2.54374489050474	1.17645566420013e-13
rs140970248	0.003364	0.637931034482759	0.922424130615257	-1.0905564114012	0.00020449	1.43356643356643	0.990835827984267	-1.32808721538904	-2.41864362679024	1.33323391737337e-13
rs141280556	0.0441	-0.904761904761905	0.475624256837099	-0.128101786006597	0.00321489	0.409171075837742	0.873052045492985	-0.95890543192053	-1.08700721792713	5.04927120264649e-13
rs141312538	0.0196	-0.178571428571429	0.671140939597315	-0.545362414957	0.00100489	0.347003154574132	0.956525506081749	-1.51020224289734	-2.05556465785434	1.9168562544946e-13
rs141403339	0.0081	-2.33333333333333	0.831600831600832	1.3730932060856	0.00042025	-2.27317073170732	0.981346954200427	0.54458668140774	1.91767988749334	1.01893792620095e-11
rs141566328	6.889e-05	3.01204819277108	0.998280711045402	1.34549585367321	4.84e-06	-1.72727272727273	0.999781138305989	-2.72212622749984	-1.37663037382663	3.77960973905606e-13
rs141771988	0.003249	1.92982456140351	0.924876875765914	0.427910363920359	0.00030625	0.508571428571429	0.986337781648142	-2.01900490274494	-1.59109453882458	3.05004576574057e-13
rs141798849	6.889e-05	3.01204819277108	0.998280711045402	1.34549585367321	4.84e-06	-1.59090909090909	0.999781138305989	-2.94831638172402	-1.60282052805081	3.01448983359791e-13
rs142459371	0.5184	0.416666666666667	0.0716332378223496	-0.0309460401996366	0.00075625	-1.12	0.96692663625825	-1.0980571344157	-1.12900317461534	4.84161314624454e-13
rs142463639	0.5041	1.69014084507042	0.073515897812902	0.0668226812537971	0.00076729	-0.971119133574007	0.966460013471362	-1.24178759364151	-1.17496491238771	4.62412064512964e-13
rs142535545	0.4356	1.81818181818182	0.0841042893187553	0.0950889673669658	0.00076729	-1.03610108303249	0.966460013471362	-1.1787584142255	-1.08366944685854	5.06615267155075e-13
rs142719764	0.0225	1	0.64	-0.190825623765991	0.00103041	-1.18691588785047	0.955470599483459	-0.882783975435361	-1.07360959920135	5.1173746060905e-13
rs142831909	0.000784	1.5	0.980776775205963	-0.872444181026037	5.041e-05	-3.08450704225352	0.99772517974938	1.70334319777981	0.830899016753773	3.43688335152001e-12
rs142857840	6.889e-05	-3.01204819277108	0.998280711045402	1.34549585367321	4.84e-06	1.63636363636364	0.999781138305989	-2.87498532715819	-1.52948947348498	3.24385248165629e-13
rs142879938	6.889e-05	-3.01204819277108	0.998280711045402	1.34549585367321	4.84e-06	1.59090909090909	0.999781138305989	-2.94831638172402	-1.60282052805081	3.01448983359791e-13
rs142966922	0.3969	-0.380952380952381	0.0915541313801785	-0.0413666044012698	0.00082944	0.493055555555556	0.963841528333933	-1.54276524526577	-1.58413184966704	3.0713563898563e-13
rs143186302	0.004225	-1.44615384615385	0.904465799886942	-0.228353263843088	0.00020736	0.0208333333333333	0.990708404668591	-2.33910751013463	-2.56746077397772	1.14888322346794e-13
rs143210582	0.3721	0.0475409836065574	0.0970638194612958	-0.0509420123370448	0.00331776	0.729166666666667	0.869519986905167	-0.787112665719716	-0.838054678056761	6.4766050201955e-13
rs143306483	0.4096	-0.265625	0.0889679715302491	-0.0434499718298942	0.00081796	0.793706293706294	0.964324131329002	-1.36289290063424	-1.40634287246413	3.66896006922409e-13
rs143362928	0.4356	1.81818181818182	0.0841042893187553	0.0950889673669658	0.00077841	-1.06093189964158	0.96599046441474	-1.14690908675182	-1.05182011938486	5.2301032256881e-13
rs143421177	0.0049	-2.14285714285714	0.89086859688196	0.937760279658074	0.00027225	0.787878787878788	0.987836116709561	-1.89804094317379	-0.960280663515712	5.73146099385657e-13
rs143600166	0.2601	0.145098039215686	0.133288903698767	-0.07012169496192	0.00279841	-0.773156899810964	0.887650119341535	-0.827762658923686	-0.897884353885606	6.1004758760677e-13
rs143705193	0.1849	-0.348837209302326	0.177856825255669	-0.0870988930923352	0.00104329	-0.712074303405573	0.954939068838632	-1.30776900122205	-1.39486789431438	3.71130378784018e-13
rs143714762	0.003249	0.00175438596491228	0.924876875765914	-1.29431200419272	0.00020164	0.401408450704225	0.99096239577286	-2.27334431617368	-3.5676563203664	4.22567878518331e-14
rs143737690	0.003844	0.548387096774194	0.912325517744731	-1.07988109389991	0.00026896	-0.463414634146341	0.987981344255293	-2.10456155586409	-3.184442649764	6.19903464632287e-14
rs143871767	7.744e-05	0.556818181818182	0.998067740853707	-2.9698090105266	5.29e-06	3.82608695652174	0.999760794462293	3.14862614890433	0.178817138377724	1.7904789965188e-12
rs143924453	0.1156	-0.0529411764705882	0.25706940874036	-0.148216074775361	0.00110224	-1.01506024096386	0.952513853938756	-1.03294860080255	-1.18116467557791	4.59554087760573e-13
rs143947441	0.001089	-1.6969696969697	0.973496556255932	-0.413548289701889	6.724e-05	1.03658536585366	0.996968005691967	-2.3636416868204	-2.77718997652229	9.31518860187946e-14
rs144426037	0.0036	1.51666666666667	0.917431192660551	-0.191888359887849	0.00038025	0.415384615384615	0.983092359726775	-1.95518130581431	-2.14706966570216	1.74924010652562e-13
rs144641659	0.1764	0.261904761904762	0.184842883548983	-0.0958476356824065	0.00529984	-0.125	0.80664167682229	-0.815303219223383	-0.911150854905789	6.02007838250951e-13
rs144774481	0.001225	-0.4	0.970285021224985	-1.68042921052649	8.1e-05	-1.7	0.996349802917219	-1.36676159356611	-3.0471908040926	7.11101807968526e-14
rs144781314	7.569e-05	-0.586206896551724	0.99811132384745	-2.96444482002437	5.29e-06	-3.82608695652174	0.999760794462293	3.14862614890433	0.184181328879959	1.80010927317344e-12
rs145173959	0.001764	-0.357142857142857	0.957762666411263	-1.52114358071683	0.00010816	-0.278846153846154	0.9951318186651	-2.62382910147473	-4.14497268219156	2.37230853224962e-14
rs145702716	0.0144	0.466666666666667	0.735294117647059	-0.584502614162847	0.000784	-1.26428571428571	0.965754595403666	-0.915261506001353	-1.4997641201642	3.34172457759497e-13
rs146040954	0.1521	0.058974358974359	0.208224882873503	-0.116376834784415	0.00098596	-0.907643312101911	0.957309511381654	-1.18256593721043	-1.29894277199485	4.08494540101206e-13
rs146100078	0.000529	1.21739130434783	0.986947617755188	-1.43804359989215	4.096e-05	2.3125	0.998150835368926	-0.477626869719557	-1.91567046961171	2.20467623271178e-13
rs146112341	0.1521	-0.107692307692308	0.208224882873503	-0.115531477353945	0.02067844	-0.728094575799722	0.516723636043484	-0.226620094322786	-0.342151571676731	1.06344588428948e-12
rs146121595	0.000784	1.5	0.980776775205963	-0.872444181026037	4.9e-05	2.05714285714286	0.997788667226292	-0.945840572383726	-1.81828475340976	2.43018255752089e-13
rs146232666	0.004489	0.626865671641791	0.899098653599766	-0.970150844072633	0.00023409	1.06535947712418	0.98952320847953	-1.71774652312188	-2.68789736719451	1.01852323287425e-13
rs146542669	0.002916	-1.12962962962963	0.932053313449529	-0.749836530987278	0.00020164	2.40845070422535	0.99096239577286	0.520924897159754	-0.228911633827524	1.19095369160155e-12
rs146911242	9e-04	1.16666666666667	0.97799511002445	-1.24266528391999	5.929e-05	0.363636363636364	0.997325529314196	-2.89606301836871	-4.1387283022887	2.38716847525129e-14
rs147011522	6.4e-05	2.75	0.998402555910543	0.555534478986716	4.41e-06	-1.52380952380952	0.999800578752432	-3.09927936949146	-2.54374489050474	1.17645566420013e-13
rs147106543	0.000676	-1.11538461538462	0.983380863408398	-1.43689659164227	4.356e-05	0.0151515151515152	0.998033687557678	-3.11568311501333	-4.5525797066556	1.57815512251016e-14
rs147226363	0.0784	-1.39285714285714	0.337837837837838	0.121588923468121	0.00091809	0.174917491749175	0.960131012171896	-1.59639010624365	-1.47480118277553	3.42619375199567e-13
rs147681807	6.4e-05	-2.75	0.998402555910543	0.555534478986716	4.41e-06	1.52380952380952	0.999800578752432	-3.09927936949146	-2.54374489050474	1.17645566420013e-13
rs147703131	0.0441	1.95238095238095	0.475624256837099	0.583716829667973	0.00020449	0.048951048951049	0.990835827984267	-2.34503974889844	-1.76132291923047	2.57262869648201e-13
rs147912025	0.009025	-0.294736842105263	0.815910249872514	-0.810726951333392	0.00075625	-2.49090909090909	0.96692663625825	1.29519656790678	0.484469616573385	2.43059396632724e-12
rs148071946	0.008464	-1.19565217391304	0.825354902608121	-0.282542558112454	0.00050176	-0.40625	0.977809367267727	-1.82335414343428	-2.10589670154673	1.82276473378715e-13
rs148231236	7.396e-05	-2.44186046511628	0.998154412491304	-0.171639870290358	4.84e-06	1.59090909090909	0.999781138305989	-2.94831638172402	-3.11995625201438	6.61195897605961e-14
rs148284473	0.2704	0.365384615384615	0.128865979381443	-0.060377536686122	0.000841	0.872413793103448	0.963356050111238	-1.2866455198555	-1.34702305654162	3.893186904778e-13
rs148542377	6.889e-05	-3.01204819277108	0.998280711045402	1.34549585367321	4.84e-06	1.63636363636364	0.999781138305989	-2.87498532715819	-1.52948947348498	3.24385248165629e-13
rs148714684	0.001296	0.722222222222222	0.968616815187912	-1.47812386547562	7.569e-05	0.609195402298851	0.996588277221344	-2.6553425093381	-4.13346637481372	2.39976268849805e-14
rs148980821	0.002401	0.181632653061224	0.943373977028844	-1.42008216264314	0.00016384	0.2890625	0.992644148019644	-2.41465829985458	-3.83474046249773	3.23521622503609e-14
rs149232094	6.4e-05	-2.75	0.998402555910543	0.555534478986716	4.41e-06	1.47619047619048	0.999800578752432	-3.1706936965452	-2.61515921755849	1.09536968365394e-13
rs149632098	0.1024	0.375	0.280898876404494	-0.145125940939043	0.00076176	-0.673913043478261	0.966693691220839	-1.48148800492102	-1.62661394586006	2.94361138163332e-13
rs149639561	0.000324	0.0666666666666667	0.991965082829084	-2.40977492734002	2.304e-05	-0.0416666666666667	0.998959002718303	-3.43292089838551	-5.84269582572553	4.34369554893202e-15
rs149907516	0.0441	2.04761904761905	0.475624256837099	0.674311926208372	0.00020164	-0.0352112676056338	0.99096239577286	-2.35256626529022	-1.67825433908185	2.79546034311075e-13
rs150048215	0.0676	1.38461538461538	0.371747211895911	0.123943066046046	0.00053361	0.510822510822511	0.976433976930803	-1.74657948836414	-1.62263642231809	2.95534298109186e-13
rs150076081	0.2025	-0.193333333333333	0.164948453608247	-0.0870482085935935	0.00099225	-1.08253968253968	0.957048862067737	-1.01306703713538	-1.10011524572898	4.98351711006838e-13
rs150097110	0.0484	0.118181818181818	0.452488687782805	-0.29802613629789	0.00061009	0.190283400809717	0.973147060268097	-1.79107224465561	-2.0890983809535	1.85364274340155e-13
rs150272046	0.2025	-0.00422222222222222	0.164948453608247	-0.0901294416341942	0.00099225	-0.86031746031746	0.957048862067737	-1.21966806132778	-1.30979750296198	4.04084420400156e-13
rs150526062	0.000324	-0.277777777777778	0.991965082829084	-2.37370903636556	2.025e-05	-0.0444444444444445	0.999084945632718	-3.49727678776628	-5.87098582413184	4.22253431491316e-15
rs150540887	0.0784	0.642857142857143	0.337837837837838	-0.136314068809871	0.00431649	-3.14611872146119	0.83665790752955	3.23469206776723	3.09837799895735	3.31832105092147e-11
rs150579525	6.889e-05	-3.01204819277108	0.998280711045402	1.34549585367321	4.84e-06	1.68181818181818	0.999781138305989	-2.79958860908346	-1.45409275541025	3.49788457659865e-13
rs150754390	0.006561	2.83950617283951	0.859088078005198	2.48351553596938	0.00033124	-0.774725274725275	0.985239400293584	-1.81222693985677	0.671288596112604	2.92985999206973e-12
rs151144406	0.000676	1.07692307692308	0.983380863408398	-1.4783556960907	3.969e-05	2.20634920634921	0.998208067567102	-0.732603467592872	-2.21095916368357	1.64097728658495e-13
rs180736651	0.0036	0.816666666666667	0.917431192660551	-0.941123833893965	0.00021316	0.753424657534246	0.990450994150493	-2.04454499787584	-2.98566883176981	7.56223964545003e-14
rs180899268	0.0121	1.54545454545455	0.767754318618042	0.186883880353978	0.00068121	0.379310344827586	0.970110298009133	-1.68533267804756	-1.49844879769358	3.3461229150044e-13
rs1809942	5.776e-05	-3.28947368421053	0.998558082129405	2.13162672606709	4e-06	-1.95	0.999819115696177	-2.40792037451893	-0.276293648451837	1.13583991792119e-12
rs181001127	0.0841	-1.06896551724138	0.32232070910556	-0.0103846759033188	0.00913936	-1.18933054393305	0.707530584099752	-0.114294056945697	-0.124678732849016	1.32179056845518e-12
rs181015849	0.009025	0.494736842105263	0.815910249872514	-0.746312984238193	0.00033124	-1.21428571428571	0.985239400293584	-1.38153419392479	-2.12784717816298	1.7831901090444e-13
rs1811688	7.225e-05	-0.635294117647059	0.998197006656726	-2.95771804824825	5.29e-06	-3.73913043478261	0.999760794462293	2.81978233371257	-0.137935714535679	1.30438325425866e-12
rs181518809	0.16	-2.075	0.2	0.318990724342895	0.00172225	-0.621686746987952	0.927733211861329	-1.13441345778202	-0.815422733439128	6.6248544449215e-13
rs181842786	0.0121	1.81818181818182	0.767754318618042	0.539035654596137	0.00077284	-0.115107913669065	0.966225604153769	-1.68762497808635	-1.14858932349022	4.74770722006785e-13
rs182006283	0.0169	-0.146153846153846	0.70298769771529	-0.599482618214788	0.00116964	-0.146198830409357	0.94975605421487	-1.48528252109907	-2.08476513931386	1.86169245339578e-13
rs182023541	0.5184	0.402777777777778	0.0716332378223496	-0.0313536753299914	0.00075625	-1.10545454545455	0.96692663625825	-1.11370696189048	-1.14506063722047	4.76448998248535e-13
rs182304795	0.003364	-1.89655172413793	0.922424130615257	0.38068814056555	0.00019881	-1.26950354609929	0.991088107366067	-1.56154607283142	-1.18085793226587	4.59695074525781e-13
rs182324983	0.0256	0.9375	0.609756097560976	-0.202532449671288	0.00103041	1.95327102803738	0.955470599483459	0.266885251438963	0.0643528017676748	1.59682749184843e-12
rs182913551	0.003364	0.982758620689655	0.922424130615257	-0.832804127578868	0.00018769	0.306569343065693	0.991582378568391	-2.34211717349175	-3.17492130107062	6.25833970077459e-14
rs182932758	0.0169	-0.846153846153846	0.70298769771529	-0.355329583200593	0.00092416	-0.0789473684210526	0.959877992272516	-1.60492382750859	-1.96025341070918	2.1085441304781e-13
rs182943763	0.003721	1.63934426229508	0.914892157086983	-0.00255475773064684	0.00024025	0.761290322580645	0.989250478787825	-1.97978056641452	-1.98233532414517	2.06249375294508e-13
rs183671057	0.005184	0.0583333333333333	0.885269121813031	-1.08107685436287	0.00030276	-0.0172413793103448	0.98649137196728	-2.15206671731647	-3.23314357167934	5.90436941603216e-14
rs184333250	0.4489	0.223880597014925	0.0818163223563101	-0.0406284917011892	0.002209	-1.06382978723404	0.909164113997008	-0.68488453943241	-0.725513031133599	7.24809085147989e-13
rs184542150	0.0324	1	0.552486187845304	-0.125780844374042	0.001681	-0.0195121951219512	0.929341789321418	-1.3247735679946	-1.45055441236865	3.51028321453196e-13
rs184816773	0.004225	3.23076923076923	0.904465799886942	3.54621264943657	4e-04	-1.38	0.982229790463749	-1.07983671617651	2.46637593326006	1.76377585249487e-11
rs185259808	0.003481	-0.728813559322034	0.91994204365125	-1.0181797844777	0.00021025	-0.917241379310345	0.990580126498396	-1.91576355495382	-2.93394333943152	7.96369340665695e-14
rs185531303	0.002704	0.326923076923077	0.936680404645935	-1.32972462609008	0.00019321	1.57553956834532	0.991336959314433	-1.14393452503179	-2.47365915112187	1.26186651175548e-13
rs185669799	0.0196	0.0928571428571428	0.671140939597315	-0.55316956466252	0.00094249	-0.205211726384365	0.95911473927237	-1.57829777786028	-2.1314673425228	1.77674633855645e-13
rs186172876	0.0361	-0.947368421052632	0.525624178712221	-0.137002029538974	0.00259081	0.182711198428291	0.895110574221638	-1.1124833766385	-1.24948540617747	4.29205538237779e-13
rs186228873	0.004489	-0.313432835820896	0.899098653599766	-1.10264221394482	0.00024336	-0.352564102564103	0.989112842815719	-2.19861163368011	-3.30125384762492	5.51561069407397e-14
rs186735926	0.002401	-1.30612244897959	0.943373977028844	-0.630966136572822	0.00016641	1.09302325581395	0.992529625829671	-1.85551760420739	-2.48648374078022	1.24578691901176e-13
rs187000158	0.0961	-0.354838709677419	0.293901542983101	-0.155497650274013	0.00104329	-1.12074303405573	0.954939068838632	-0.950137093529432	-1.10563474380345	4.95608636857715e-13
rs187205554	0.0121	-0.0327272727272727	0.767754318618042	-0.729568587087846	0.00065536	-2.16796875	0.97121187562369	0.508494721853463	-0.221073865234384	1.20032478730865e-12
rs187207572	0.1089	-1.75757575757576	0.268636668905306	0.258496624186665	0.00576081	-0.538866930171278	0.793300005657747	-0.673065156493017	-0.414568532306352	9.89156725945934e-13
rs187581892	0.001681	-1.19512195121951	0.959669873563494	-0.919972120463596	0.00011664	0.287037037037037	0.994752144711464	-2.58398895692376	-3.50396107738736	4.50359132225581e-14
rs187796166	0.001369	0.864864864864865	0.966907587807295	-1.34260643076981	9.409e-05	-2.01030927835052	0.995762412752785	-0.719771683891411	-2.06237811466122	1.90384022961501e-13
rs188276029	0.007744	1.47727272727273	0.837801608579088	0.00471423825605888	0.00040804	-0.663366336633663	0.981879081703625	-1.78930380164578	-1.78458956338973	2.51346322010283e-13
rs188279424	0.0625	0.352	0.390243902439024	-0.223171730674151	0.00256036	0.221343873517787	0.896215405205162	-1.1107646757033	-1.33393640637746	3.94447051324387e-13
rs188293471	0.1521	-2.05128205128205	0.208224882873503	0.321341028713291	0.00182329	-0.615925058548009	0.923816500100249	-1.11207397572197	-0.790732947008683	6.79045661510106e-13
rs188311692	0.008464	0.902173913043478	0.825354902608121	-0.53661417894722	0.00046225	0.232558139534884	0.979520936227378	-1.91768824046433	-2.45430241941155	1.28653005600273e-13
rs188360973	0.0049	-0.0957142857142857	0.89086859688196	-1.10352057121234	0.00030276	0.557471264367816	0.98649137196728	-1.99892530338312	-3.10244587459546	6.72875647304533e-14
rs188641080	0.0121	-1.27272727272727	0.767754318618042	-0.108162200767832	0.00086436	0.863945578231292	0.9623765056905	-1.28090343144799	-1.38906563221583	3.73290033898014e-13
rs188795172	0.003481	1	0.91994204365125	-0.80253120429401	0.00019881	1.52482269503546	0.991088107366067	-1.20800264657318	-2.01053385086719	2.00514681722236e-13
rs189145279	0.006561	0.382716049382716	0.859088078005198	-0.916894133555996	0.00093636	1.2156862745098	0.959369854606328	-0.892699442369289	-1.80959357592528	2.45139575575257e-13
rs189199743	0.0576	-0.0458333333333333	0.409836065573771	-0.263246992685559	0.00309136	-0.300359712230216	0.87733157268136	-1.00956048462173	-1.27280747730729	4.19311400501115e-13
rs189545742	0.0169	-0.653846153846154	0.70298769771529	-0.456722039601837	0.00635209	0.671267252195734	0.776819511578626	-0.574869906174298	-1.03159194577613	5.33697593746512e-13
rs190037942	0.0196	-0.5	0.671140939597315	-0.472170386467752	0.00123904	0.0909090909090909	0.946933058135293	-1.46418760765913	-1.93635799412688	2.1595354742827e-13
rs190191856	0.0729	-0.481481481481481	0.354295837023915	-0.177639703137003	0.00412164	0.411214953271028	0.842872745303209	-0.854085693997408	-1.03172539713441	5.33626375829887e-13
rs191100803	0.0529	-0.352173913043478	0.430570505920345	-0.254859084580384	0.00367236	-0.993399339933993	0.857560772205173	-0.55128132055775	-0.806140405138134	6.68663480804137e-13
rs191105164	0.1936	-0.00272727272727273	0.171232876712329	-0.093907401239314	0.00209764	-0.0567685589519651	0.913346523406823	-1.22144736379247	-1.31535476503178	4.01845045537403e-13
rs191168747	0.0441	0.714285714285714	0.475624256837099	-0.201440673682159	0.00284089	-0.735459662288931	0.886138830252104	-0.846731038988859	-1.04817171267102	5.24921962039752e-13
rs191237041	0.0016	0.1325	0.961538461538462	-1.62060776420305	0.00012996	-0.921052631578947	0.994156354645772	-2.14950995418406	-3.77011771838711	3.45118796377584e-14
rs191516583	0.006084	0.00769230769230769	0.867980210051211	-1.01237604200151	0.00033856	0.853260869565217	0.984918128617465	-1.73859406702754	-2.75097010902905	9.56266179221815e-14
rs191822113	0.003721	0.655737704918033	0.914892157086983	-1.03521991757083	0.00022801	0.543046357615894	0.989792543730012	-2.14637382227475	-3.18159373984558	6.21672031809244e-14
rs192035743	0.007744	0.602272727272727	0.837801608579088	-0.757518617276479	0.00119025	0.739130434782609	0.948915942073985	-1.22793846728797	-1.98545708456445	2.05606518103355e-13
rs192326115	0.0121	-0.909090909090909	0.767754318618042	-0.4127258974097	0.00066049	2.80544747081712	0.970993065741008	2.05100752007459	1.63828162266489	7.70560251904397e-12
rs193021069	0.0144	-0.0525	0.735294117647059	-0.663554646434089	0.00110224	-0.966867469879518	0.952513853938756	-1.0784380851901	-1.74199273162419	2.62284184307037e-13
rs193059324	0.0289	0.3	0.58055152394775	-0.408282472872964	0.00163216	0.457920792079208	0.931253572027852	-1.24102729351218	-1.64930976638515	2.87755613048141e-13
rs1967198	0.0441	1.85714285714286	0.475624256837099	0.497435785343782	0.00020449	0.174825174825175	0.990835827984267	-2.33108499715217	-1.83364921180839	2.39312949772558e-13
rs1967199	0.0441	1.95238095238095	0.475624256837099	0.583716829667973	0.00020449	0.174825174825175	0.990835827984267	-2.33108499715217	-1.7473681674842	2.60878075107935e-13
rs199672174	0.001681	0.0804878048780488	0.959669873563494	-1.60221975922113	0.00036481	1.57591623036649	0.983767748213601	-0.83877809562455	-2.44099785484568	1.30376115012659e-13
rs199897045	0.005329	-0.246575342465753	0.882437291799951	-1.04356587175032	0.00151321	0.712082262210797	0.935942797984478	-1.13669929178057	-2.18026516353088	1.69212641366523e-13
rs200186389	0.003136	0.464285714285714	0.927299703264095	-1.21075997664852	0.00047524	0.31651376146789	0.978957550046882	-1.88157027345829	-3.09233025010681	6.79716747344745e-14
rs200216202	0.001936	-0.218181818181818	0.95383441434567	-1.5150574932161	0.00036864	1.671875	0.983600126843495	-0.680578015511971	-2.19563550872807	1.66631670674358e-13
rs200561453	0.0144	-0.408333333333333	0.735294117647059	-0.603267932790298	0.00083521	-0.204152249134948	0.96359914803846	-1.63650103904197	-2.23976897183227	1.59437556240944e-13
rs200677881	0.008281	1.75824175824176	0.828483254282223	0.399055211605412	0.00040804	-1.68811881188119	0.981879081703625	-0.606291588278114	-0.207236376672702	1.21704971646345e-12
rs201026047	0.001936	0.184090909090909	0.95383441434567	-1.52159786090744	0.00036864	-1.61979166666667	0.983600126843495	-0.764892696523945	-2.28649055743139	1.5215972067281e-13
rs201094196	0.006724	-0.804878048780488	0.856091088091773	-0.691987190915794	0.00215296	0.241379310344828	0.911264040526332	-1.18449810210179	-1.87648529301758	2.29278180299633e-13
rs2062719	5.776e-05	3.15789473684211	0.998558082129405	1.70806936782314	3.24e-06	2.83333333333333	0.999853478678256	-0.400869031006279	1.30720033681686	5.53375372560274e-12
rs2088683	0.000361	-0.736842105263158	0.991055722107976	-2.08933058889217	2.304e-05	-0.270833333333333	0.998959002718303	-3.39715088201213	-5.4864814709043	6.20242192957507e-15
rs2088924	0.000324	-0.0944444444444444	0.991965082829084	-2.40755525238616	1.681e-05	-0.536585365853659	0.999240273808876	-3.44742367644061	-5.85497892882677	4.29066782785649e-15
rs2173970	7.225e-05	-0.68235294117647	0.998197006656726	-2.92677048707301	4.41e-06	-4.66666666666667	0.999800578752432	6.6266718387805	3.6999013517075	6.05559295404698e-11
rs2229373	0.0121	-0.0363636363636364	0.767754318618042	-0.729472141917243	0.00037636	0.77319587628866	0.983262431728709	-1.75113693877249	-2.48060908068974	1.25312703293335e-13
rs2230099	0.005184	2.5	0.885269121813031	1.68388296425532	0.00037249	1.69430051813471	0.983431687725367	-0.638585478616265	1.04529748563906	4.25869820175263e-12
rs2270928	6.561e-05	2.83950617283951	0.998362436014328	0.817523223189466	4e-06	-1.45	0.999819115696177	-3.25776662286068	-2.44024339967121	1.30474515061803e-13
rs2292029	7.225e-05	0.670588235294118	0.998197006656726	-2.93471461549969	4e-06	4.65	0.999819115696177	6.500467946334	3.56575333083431	5.2953775484687e-11
rs2316160	0.003481	0.0745762711864407	0.91994204365125	-1.25994404198216	0.00017956	0.73134328358209	0.991944059807985	-2.14539568675451	-3.40533972873667	4.97038100804942e-14
rs2454738	7.921e-05	-2.02247191011236	0.998023663640077	-1.07210091799569	6.25e-06	-1.92	0.999717397029399	-2.24305468184012	-3.31515559983581	5.43946454965061e-14
rs2873087	7.225e-05	0.6	0.998197006656726	-2.97947805219959	5.29e-06	3.73913043478261	0.999760794462293	2.81978233371257	-0.159695718487019	1.27630645299498e-12
rs2950580	0.005329	-1.91780821917808	0.882437291799951	0.552405345807938	0.00061009	0.0364372469635627	0.973147060268097	-1.80804397787735	-1.25563863206942	4.26572648297448e-13
rs2950581	0.005184	1.94444444444444	0.885269121813031	0.590958122510838	0.00033856	0.228260869565217	0.984918128617465	-2.07147230682862	-1.48051418431778	3.40667570820006e-13
rs34326416	0.6889	-1.44578313253012	0.0548772122376183	0.0291343999826655	0.001156	-0.167647058823529	0.950312871242951	-1.48765015261105	-1.45851575262838	3.48244760685014e-13
rs34737533	0.0225	-1.06666666666667	0.64	-0.146736734877102	0.0049	1.66142857142857	0.818582905697149	0.276307318481934	0.129570583604832	1.70444002397362e-12
rs35037183	0.0484	1.86363636363636	0.452488687782805	0.484592314769759	0.00021025	0.337931034482759	0.990580126498396	-2.27590598001702	-1.79131366524726	2.49661913154431e-13
rs35286392	9e-04	0.7	0.97799511002445	-1.6686364873973	5.329e-05	3.6986301369863	0.997595528301891	3.80827348728002	2.13963699988272	1.27216216930913e-11
rs36127550	1e-04	-3.4	0.997506234413965	2.76860532125945	6.76e-06	-6.57692307692308	0.999694343675556	17.5748232525975	20.3434285738569	0.001024114952286
rs36149110	6.4e-05	2.75	0.998402555910543	0.555534478986716	4.41e-06	-1.52380952380952	0.999800578752432	-3.09927936949146	-2.54374489050474	1.17645566420013e-13
rs36153872	6.4e-05	-2.75	0.998402555910543	0.555534478986716	4.41e-06	1.47619047619048	0.999800578752432	-3.1706936965452	-2.61515921755849	1.09536968365394e-13
rs36154783	7.744e-05	0.590909090909091	0.998067740853707	-2.95028327928443	5.29e-06	3.91304347826087	0.999760794462293	3.48502959203152	0.534746312747088	2.55592029936032e-12
rs36164268	6.241e-05	-3.0379746835443	0.998442180587738	1.37522218111546	4e-06	-1.95	0.999819115696177	-2.40792037451893	-1.03269819340347	5.33107518494567e-13
rs36173379	6.889e-05	3.01204819277108	0.998280711045402	1.34549585367321	4.84e-06	-1.59090909090909	0.999781138305989	-2.94831638172402	-1.60282052805081	3.01448983359791e-13
rs36174733	1e-04	3.4	0.997506234413965	2.76860532125945	6.76e-06	6.5	0.999694343675556	17.0720184051867	19.8406237264461	0.000619417307789698
rs36179164	6.4e-05	2.75	0.998402555910543	0.555534478986716	4.41e-06	-1.47619047619048	0.999800578752432	-3.1706936965452	-2.61515921755849	1.09536968365394e-13
rs36183161	0.000441	0.904761904761905	0.989095225142801	-1.85444350273622	3.025e-05	2.49090909090909	0.998633684341769	-0.199743421860346	-2.05418692459657	1.91949899118187e-13
rs36191662	6.084e-05	3.20512820512821	0.9984813099276	1.88366921534235	4e-06	2	0.999819115696177	-2.30918823684393	-0.425519021501585	9.78384066499972e-13
rs368181860	0.2116	-1.52173913043478	0.158982511923688	0.0975056925945422	0.01940449	-0.457286432160804	0.532580429519833	-0.324579811983625	-0.227074119389083	1.19314409804079e-12
rs368600180	0.0196	-0.707142857142857	0.671140939597315	-0.388260648075751	0.00288369	-1.48975791433892	0.88462135222958	-0.0981131167185164	-0.486373764794267	9.20620183734465e-13
rs368671642	0.0144	1.5	0.735294117647059	0.16263790871297	0.00128164	1.12569832402235	0.945208507482008	-0.853227612908833	-0.690589704195863	7.50569023064579e-13
rs369131989	0.0576	0.158333333333333	0.409836065573771	-0.258540281619985	0.00440896	1.01957831325301	0.833740486396206	-0.463749421908242	-0.722289703528227	7.2714915165518e-13
rs372207923	0.0196	-0.657142857142857	0.671140939597315	-0.411151347979873	0.00332929	-1.55112651646447	0.869125882748398	0.0287959218909275	-0.382355426088946	1.0215393082128e-12
rs3763150	0.003364	1.36206896551724	0.922424130615257	-0.422594109921191	0.00018769	-1.87591240875912	0.991582378568391	-0.644001312064161	-1.06659542198535	5.15339495734245e-13
rs3763151	6.084e-05	2.56410256410256	0.9984813099276	0.0373650179910143	4.41e-06	-1.33333333333333	0.999800578752432	-3.37133394874382	-3.33396893075281	5.33808672052366e-14
rs377440171	0.1156	0.282352941176471	0.25706940874036	-0.138329131944395	0.00081796	-0.692307692307692	0.964324131329002	-1.43554495524956	-1.57387408719396	3.10302377475568e-13
rs377735226	0.1296	0.666666666666667	0.235849056603774	-0.082084068252309	0.00082369	-0.606271777003484	0.964083189821855	-1.48609307726585	-1.56817714551816	3.12075197052014e-13
rs3847667	0.000784	-0.535714285714286	0.980776775205963	-1.83508158985383	7.056e-05	0.535714285714286	0.996818776093522	-2.73220623143316	-4.56728782128699	1.55511330231087e-14
rs4031	6.4e-05	2.75	0.998402555910543	0.555534478986716	4.41e-06	-1.47619047619048	0.999800578752432	-3.1706936965452	-2.61515921755849	1.09536968365394e-13
rs4469931	6.084e-05	2.69230769230769	0.9984813099276	0.37380267173059	4.41e-06	-1.47619047619048	0.999800578752432	-3.1706936965452	-2.79689102481461	9.13346556619451e-14
rs4758900	0.000784	-0.642857142857143	0.980776775205963	-1.77315754601111	5.625e-05	0.226666666666667	0.997462310533247	-2.9626269368844	-4.7357844828955	1.31396823381416e-14
rs528531376	0.008649	-1.29032258064516	0.822216283993504	-0.179126523113336	0.00047961	-0.936073059360731	0.978768165478659	-1.49731242601081	-1.67643894912415	2.80053980294996e-13
rs529323399	0.0841	-0.0689655172413793	0.32232070910556	-0.193774044877172	0.00538756	1.36376021798365	0.804068369157936	-0.0672747167796739	-0.261048761656846	1.15328833049854e-12
rs531920686	0.0225	0.373333333333333	0.64	-0.466224734877102	0.001849	2.17441860465116	0.922825150879835	0.90076224424706	0.434537509369958	2.31220947682314e-12
rs532341729	0.006084	1.06410256410256	0.867980210051211	-0.52098853426259	0.00047524	0.477064220183486	0.978957550046882	-1.81920612097182	-2.34019465523441	1.44203668551623e-13
rs534001332	0.0036	-3	0.917431192660551	2.88137871452602	0.00111556	-0.652694610778443	0.951967571630234	-1.31516547863114	1.56621323589488	7.16981087783741e-12
rs534332547	0.009604	0.387755102040816	0.80638658172728	-0.760324166861595	0.00058081	-0.49792531120332	0.974402822844921	-1.7118449418551	-2.4721691087167	1.26374814787833e-13
rs534858874	0.2401	0.857142857142857	0.142806140664049	-0.0245861909081446	0.01841449	1.65585851142226	0.545591328744395	0.353590377246167	0.329004186338023	2.08062895004741e-12
rs535573594	0.0841	0.193103448275862	0.32232070910556	-0.188531063544753	0.00295936	1.16360294117647	0.881951143968407	-0.471259861984988	-0.659790925529741	7.74045296858658e-13
rs537661879	0.0144	1.66666666666667	0.735294117647059	0.356673856425389	0.00100489	0.725552050473186	0.956525506081749	-1.31602058794936	-0.959346731523967	5.73681628898963e-13
rs538026917	0.0441	1.80952380952381	0.475624256837099	0.455913032762766	0.00195364	1.61990950226244	0.918812204432378	-0.0499644972721547	0.405948535490611	2.24704175815413e-12
rs538611095	0.0961	0.903225806451613	0.293901542983101	-0.0541153802439421	0.00724201	-2.85898942420682	0.75326688094841	2.37881013908948	2.32469475884553	1.53077739450685e-11
rs539237130	0.001936	-0.15	0.95383441434567	-1.52702969170194	0.00036481	1.68586387434555	0.983767748213601	-0.662376222733476	-2.18940591443542	1.67672958411528e-13
rs540292392	0.0441	1.0952380952381	0.475624256837099	-0.037506689466197	0.00246016	-0.0766129032258065	0.899870339037196	-1.14800375052078	-1.18551043998697	4.57561307175663e-13
rs542360890	0.0256	0.031875	0.609756097560976	-0.470181911370983	0.00123904	2.9375	0.946933058135293	2.61739773765728	2.14721582628629	1.28184029363482e-11
rs543030017	0.0529	0.608695652173913	0.430570505920345	-0.201794728940541	0.00295936	0.680147058823529	0.881951143968407	-0.864333043882902	-1.06612777282344	5.15580550177584e-13
rs543328816	0.16	-0.525	0.2	-0.0840092756571049	0.01331716	1.2209705372617	0.624093015348515	-0.0240174970268675	-0.108026772683972	1.34398525198345e-12
rs545136370	0.0441	-0.0476190476190476	0.475624256837099	-0.322234135736025	0.00228484	-1.52092050209205	0.906337606994288	-0.135759561026544	-0.457993696762569	9.47121726236041e-13
rs546223213	0.0169	0.507692307692308	0.70298769771529	-0.516392800097256	0.00192721	-0.929384965831435	0.919822497566398	-0.864504869537889	-1.38089766963514	3.76351539035504e-13
rs547040689	0.006561	0.0209876543209877	0.859088078005198	-0.979620918986385	0.00044521	0.450236966824645	0.980260957961265	-1.86322240783396	-2.84284332682035	8.72325894797203e-14
rs547461287	0.0576	0.416666666666667	0.409836065573771	-0.228101415499766	0.00403225	1.2251968503937	0.845754884277712	-0.299821715897616	-0.527923131397382	8.8315276203954e-13
rs549372895	0.003721	3.11475409836066	0.914892157086983	3.20608341748707	0.00112896	0.642857142857143	0.951418640242405	-1.31566352505978	1.8904198924273	9.91536856677068e-12
rs550564046	0.1521	1.1025641025641	0.208224882873503	0.00982510433547583	0.01329409	-1.4457935819601	0.624499691401943	0.162953817734004	0.172778922069479	1.77970027192715e-12
rs553504482	0.1764	0.880952380952381	0.184842883548983	-0.0304610374201811	0.02143296	-0.133196721311475	0.507769672993267	-0.349899999905908	-0.380361037326089	1.02357868771171e-12
rs557766589	0.1296	-0.722222222222222	0.235849056603774	-0.0729849534142004	0.00565504	0.341755319148936	0.796322101174803	-0.749103834095245	-0.822088787509445	6.58083967239802e-13
rs55843009	0.000289	-0.188235294117647	0.992826826180844	-2.45111435371315	2.809e-05	-1.67924528301887	0.998731122261	-1.92666789114332	-4.37778224485647	1.87959059146625e-14
rs55864270	5.776e-05	3.15789473684211	0.998558082129405	1.70806936782314	4e-06	2.05	0.999819115696177	-2.20795655137969	-0.49988718355655	9.08263138678227e-13
rs558962360	0.0196	1.71428571428571	0.671140939597315	0.430103274674557	0.00262144	-0.107421875	0.894001957028856	-1.11700917422177	-0.68690589954721	7.53339071747428e-13
rs55957232	6.724e-05	-2.92682926829268	0.998321821018867	1.08095385912775	4.84e-06	1.36363636363636	0.999781138305989	-3.28398670191973	-2.20303284279198	1.65403588408249e-13
rs560068315	0.3025	1.34545454545455	0.116788321167883	0.0436127184322963	0.01697809	0.38296239447429	0.565640805517384	-0.37546322948083	-0.331850511048534	1.07445712115926e-12
rs560726565	0.0256	0.036875	0.609756097560976	-0.470077109541715	0.00128164	0.449720670391061	0.945208507482008	-1.35652658441879	-1.82660369396051	2.41004987071612e-13
rs561056023	0.0625	-1.04	0.390243902439024	-0.0363042184790292	0.00306916	-0.604693140794224	0.878105112535822	-0.891756858696932	-0.928061077175962	5.91913342527931e-13
rs561519813	0.5041	-0.52112676056338	0.073515897812902	-0.0281967260463345	0.02876416	-0.669221698113208	0.434597131838867	-0.187789548601436	-0.21598627464777	1.20644710912523e-12
rs561520074	0.1024	0.065625	0.280898876404494	-0.164271777929914	0.00795664	0.0538116591928251	0.73536283235326	-0.663633091819257	-0.827904869749171	6.54267605660033e-13
rs56375200	0.001156	1.41176470588235	0.971911750413063	-0.817653243156043	6.889e-05	0.0240963855421687	0.996893834794969	-2.88689376721287	-3.70454701036891	3.68506887873281e-14
rs56393411	0.000324	-0.127777777777778	0.991965082829084	-2.40388130763494	2.025e-05	-0.0888888888888889	0.999084945632718	-3.49431653607552	-5.89819784371046	4.10917992418192e-15
rs564270728	0.09	-0.293333333333333	0.307692307692308	-0.170624783225052	0.00619369	1.99237611181703	0.781167002139886	0.790722443215396	0.620097659990344	2.78365190766473e-12
rs565341244	0.0625	-2.04	0.390243902439024	0.564671391277068	0.00423801	0.697388632872504	0.839150010451141	-0.709580861519947	-0.144909470242878	1.29531844870221e-12
rs566702740	0.0121	0.254545454545455	0.767754318618042	-0.705107046185894	0.00064516	-2.08267716535433	0.971647229311939	0.325766128830112	-0.379340917355781	1.02462339354427e-12
rs568226998	0.1089	1.09090909090909	0.268636668905306	0.00342746381193029	0.01752976	-0.178247734138973	0.557768650167786	-0.399100275148825	-0.395672811336895	1.00802526131268e-12
rs568305644	0.1764	-0.261904761904762	0.184842883548983	-0.0958476356824065	0.008836	0.781914893617021	0.714466516782718	-0.408288825106333	-0.504136460788739	9.04411865161633e-13
rs568701861	0.1225	-0.857142857142857	0.246153846153846	-0.0508596240400719	0.00595984	-0.496113989637306	0.787675005736003	-0.677883726695721	-0.728743350735793	7.22471497762282e-13
rs569232655	0.01	1	0.8	-0.40471895621705	0.00050625	0.293333333333333	0.977615239369371	-1.85762826024387	-2.26234721646092	1.55878070770731e-13
rs569611389	0.0289	-0.235294117647059	0.58055152394775	-0.418336661029914	0.00231361	-1.06444906444906	0.905269960624595	-0.665503177640534	-1.08383983867045	5.0652895141572e-13
rs573117925	0.0484	-0.590909090909091	0.452488687782805	-0.222187536395119	0.00227529	-1.84905660377358	0.906692561653117	0.364067889844418	0.141880353449298	1.72555095716845e-12
rs574349855	0.0576	-0.625	0.409836065573771	-0.183631356301224	0.00273529	-0.51434034416826	0.889905251672284	-0.98549653500746	-1.16912789130868	4.65119066207891e-13
rs574636583	0.001764	1.23809523809524	0.957762666411263	-0.848157852249281	9.801e-05	-0.353535353535354	0.995586644549445	-2.64934218632192	-3.4975000385712	4.53278340463777e-14
rs574675026	0.2401	-0.469387755102041	0.142806140664049	-0.0613137177136631	0.01478656	-1.25904605263158	0.599238322926558	0.0177612097688704	-0.0435525079447927	1.43349215477993e-12
rs575557124	0.0121	-0.3	0.767754318618042	-0.695430803740501	0.00071824	-1.35074626865672	0.968536640069459	-0.84591074600102	-1.54134154974152	3.20563303198961e-13
rs576192883	0.0441	-1.95238095238095	0.475624256837099	0.583716829667973	0.00273529	-1.84512428298279	0.889905251672284	0.411626958428819	0.995343788096792	4.05118661512976e-12
rs577434470	0.1681	-0.0292682926829268	0.192215281114849	-0.106647517520229	0.01324801	0.202432667245873	0.625313574464536	-0.478020542974744	-0.584668060494973	8.34433673975131e-13
rs577440259	0.0676	0.653846153846154	0.371747211895911	-0.152942616187076	0.00314721	-2.11229946524064	0.875391541378015	0.911625548067051	0.758682931879974	3.19743515186349e-12
rs577574066	0.0196	-1.42857142857143	0.671140939597315	0.128774689549232	0.00099225	-1.15873015873016	0.957048862067737	-0.931352570423992	-0.80257788087476	6.71049858919594e-13
rs57940947	6.084e-05	2.69230769230769	0.9984813099276	0.37380267173059	4.41e-06	-1.47619047619048	0.999800578752432	-3.1706936965452	-2.79689102481461	9.13346556619451e-14
rs58780526	6.084e-05	2.69230769230769	0.9984813099276	0.37380267173059	4.41e-06	-1.47619047619048	0.999800578752432	-3.1706936965452	-2.79689102481461	9.13346556619451e-14
rs59204319	0.000324	-0.0944444444444444	0.991965082829084	-2.40755525238616	2.025e-05	0.111111111111111	0.999084945632718	-3.49209634730745	-5.89965159969361	4.1032105193616e-15
rs59272889	5.776e-05	-3.15789473684211	0.998558082129405	1.70806936782314	4e-06	-2.05	0.999819115696177	-2.20795655137969	-0.49988718355655	9.08263138678227e-13
rs59312515	6.561e-05	2.83950617283951	0.998362436014328	0.817523223189466	4.84e-06	-1.59090909090909	0.999781138305989	-2.94831638172402	-2.13079315853455	1.7779445963668e-13
rs59606937	7.056e-05	-2.26190476190476	0.998239106216634	-0.6173648616915	4.84e-06	1.5	0.999781138305989	-3.08878150032899	-3.70614636202049	3.67917986828999e-14
rs59762819	0.000324	0.0888888888888889	0.991965082829084	-2.40806041978945	2.025e-05	-0.177777777777778	0.999084945632718	-3.48247552931246	-5.89053594910192	4.1407849502647e-15
rs60123248	8.1e-05	-1.88888888888889	0.997979092338016	-1.32175884762458	6.76e-06	-1.03846153846154	0.999694343675556	-3.50748823177933	-4.82924707940391	1.19672558510316e-14
rs61064616	6.241e-05	2.65822784810127	0.998442180587738	0.29534960957769	4.41e-06	-1.33333333333333	0.999800578752432	-3.37133394874382	-3.07598433916613	6.90918639913635e-14
rs61749570	0.000676	-0.961538461538462	0.983380863408398	-1.59400477692053	3.844e-05	-2.16129032258065	0.998264404880144	-0.846668163689122	-2.44067294060965	1.30418482951065e-13
rs61749593	0.000961	-1.16129032258065	0.976538658724152	-1.21772295186539	5.929e-05	-0.402597402597403	0.997325529314196	-2.88117630739818	-4.09889925926357	2.48416594705502e-14
rs61951764	9e-04	0.306666666666667	0.97799511002445	-1.86225778595748	0.00022201	0.10738255033557	0.990058478872185	-2.29980943136923	-4.1620672173267	2.33209967570754e-14
rs61951769	0.007744	0.431818181818182	0.837801608579088	-0.831356375263982	0.00148225	0.00519480519480519	0.937171053096056	-1.38365704162369	-2.21501341688767	1.63433781730216e-13
rs61951772	7.225e-05	-0.705882352941176	0.998197006656726	-2.91046775395391	5.29e-06	-3.91304347826087	0.999760794462293	3.48502959203152	0.574561838077613	2.65973868587685e-12
rs61951773	7.225e-05	0.717647058823529	0.998197006656726	-2.90210914926149	5.29e-06	3.91304347826087	0.999760794462293	3.48502959203152	0.582920442770033	2.68206356256725e-12
rs61951775	1e-04	0.32	0.997506234413965	-2.94590839445128	7.29e-06	3.25925925925926	0.999670387395168	1.30083850101418	-1.64506989343709	2.88978250369443e-13
rs61951776	7.225e-05	-0.68235294117647	0.998197006656726	-2.92677048707301	5.29e-06	-3.91304347826087	0.999760794462293	3.48502959203152	0.558259104958514	2.61672921446217e-12
rs61951777	7.225e-05	0.670588235294118	0.998197006656726	-2.93471461549969	5.29e-06	3.95652173913044	0.999760794462293	3.65606617407092	0.721351558571227	3.08027106142525e-12
rs61951784	7.225e-05	-0.717647058823529	0.998197006656726	-2.90210914926149	5.29e-06	-3.8695652173913	0.999760794462293	3.31588291697599	0.413773767714505	2.26469435950235e-12
rs61951786	7.225e-05	-0.611764705882353	0.998197006656726	-2.97236287630439	5.29e-06	-3.78260869565217	0.999760794462293	2.98325928781652	0.0108964115121282	1.5137082772731e-12
rs61951787	1e-04	0.4	0.997506234413965	-2.91718021490015	7.29e-06	3	0.999670387395168	0.489720484355415	-2.42745973054474	1.3215316488308e-13
rs61951788	0.000324	-0.0888888888888889	0.991965082829084	-2.40806041978945	2.025e-05	0.177777777777778	0.999084945632718	-3.48247552931246	-5.89053594910192	4.1407849502647e-15
rs61951790	7.225e-05	-0.764705882352941	0.998197006656726	-2.86729314293934	5.29e-06	-3.73913043478261	0.999760794462293	2.81978233371257	-0.0475108092267753	1.42782917622762e-12
rs61953679	0.001681	1.14634146341463	0.959669873563494	-0.974777776538608	0.00030976	0.397727272727273	0.986183359385637	-2.0629401004355	-3.03771787697411	7.17870030395238e-14
rs61953716	0.003249	0.56140350877193	0.924876875765914	-1.14856490169726	0.00053361	0.0735930735930736	0.976433976930803	-1.87133049823513	-3.01989539993238	7.3077894525233e-14
rs61958752	7.225e-05	-0.717647058823529	0.998197006656726	-2.90210914926149	5.29e-06	-3.78260869565217	0.999760794462293	2.98325928781652	0.0811501385550275	1.623876480519e-12
rs61958753	7.225e-05	0.717647058823529	0.998197006656726	-2.90210914926149	5.29e-06	3.73913043478261	0.999760794462293	2.81978233371257	-0.0823268155489196	1.37897328508213e-12
rs61958754	0.001521	0.923076923076923	0.963367934298307	-1.24298671261148	9.025e-05	0.189473684210526	0.995934654036214	-2.73475105084963	-3.97773776346111	2.80414439528491e-14
rs61958756	7.225e-05	0.6	0.998197006656726	-2.97947805219959	5.29e-06	3.73913043478261	0.999760794462293	2.81978233371257	-0.159695718487019	1.27630645299498e-12
rs61958758	7.225e-05	0.611764705882353	0.998197006656726	-2.97236287630439	5.29e-06	3.73913043478261	0.999760794462293	2.81978233371257	-0.152580542591819	1.28541998163565e-12
rs61960661	7.225e-05	-0.611764705882353	0.998197006656726	-2.97236287630439	5.29e-06	-3.78260869565217	0.999760794462293	2.98325928781652	0.0108964115121282	1.5137082772731e-12
rs61960662	0.01	1.4	0.8	-0.02071895621705	0.000169	0.307692307692308	0.992414239147627	-2.39376299170338	-2.41448194792043	1.3387939703485e-13
rs61960663	0.005476	2.16216216216216	0.879584835957428	0.997600556816172	0.00030976	-0.125	0.986183359385637	-2.13323622832559	-1.13563567150942	4.80960741836274e-13
rs61960666	0.0169	-0.0653846153846154	0.70298769771529	-0.605488171401631	0.00110224	-0.753012048192771	0.952513853938756	-1.25360803072162	-1.85909620212325	2.33299985845603e-13
rs61960667	7.225e-05	0.670588235294118	0.998197006656726	-2.93471461549969	5.29e-06	3.78260869565217	0.999760794462293	2.98325928781652	0.0485446723168286	1.57178311010168e-12
rs61960669	7.225e-05	0.788235294117647	0.998197006656726	-2.84905618724679	5.29e-06	3.8695652173913	0.999760794462293	3.31588291697599	0.466826729729201	2.3880873443617e-12
rs61960670	7.225e-05	-0.752941176470588	0.998197006656726	-2.87620438265275	5.29e-06	-3.82608695652174	0.999760794462293	3.14862614890433	0.272421766251575	1.9661706287286e-12
rs61960671	1e-04	0.39	0.997506234413965	-2.92112036452609	7.29e-06	3.14814814814815	0.999670387395168	0.944988754060762	-1.97613161046533	2.07532864448726e-13
rs61960673	7.396e-05	-0.686046511627907	0.998154412491304	-2.91258322352077	5.29e-06	-3.82608695652174	0.999760794462293	3.14862614890433	0.236042925383554	1.89592902086925e-12
rs61960674	0.000324	-0.311111111111111	0.991965082829084	-2.36397308277483	2.025e-05	-0.0444444444444445	0.999084945632718	-3.49727678776628	-5.86124987054111	4.26384548855391e-15
rs61960675	7.396e-05	-0.686046511627907	0.998154412491304	-2.91258322352077	5.29e-06	-3.82608695652174	0.999760794462293	3.14862614890433	0.236042925383554	1.89592902086925e-12
rs61960706	7.569e-05	0.563218390804598	0.99811132384745	-2.97763165215341	5.29e-06	3.82608695652174	0.999760794462293	3.14862614890433	0.170994496750914	1.77652736145528e-12
rs62644539	0.009801	-2.32323232323232	0.80319672295737	1.35481505936855	0.00055696	1.09322033898305	0.9754281008372	-1.27019386057428	0.0846211987942627	1.62952284737463e-12
rs62644541	7.569e-05	0.64367816091954	0.99811132384745	-2.92917004407917	5.29e-06	3.73913043478261	0.999760794462293	2.81978233371257	-0.1093877103666	1.34215741587677e-12
rs653143	0.000841	0.517241379310345	0.979407947895497	-1.81041031152008	7.056e-05	-0.452380952380952	0.996818776093522	-2.77324589334574	-4.58365620486582	1.52986580532593e-14
rs6560920	5.776e-05	-3.28947368421053	0.998558082129405	2.13162672606709	4e-06	-2.05	0.999819115696177	-2.20795655137969	-0.0763298253126008	1.38726782067476e-12
rs6560921	5.776e-05	3.15789473684211	0.998558082129405	1.70806936782314	4e-06	2.05	0.999819115696177	-2.20795655137969	-0.49988718355655	9.08263138678227e-13
rs6560922	5.776e-05	3.15789473684211	0.998558082129405	1.70806936782314	4e-06	2.05	0.999819115696177	-2.20795655137969	-0.49988718355655	9.08263138678227e-13
rs6560923	5.776e-05	3.15789473684211	0.998558082129405	1.70806936782314	4e-06	2.05	0.999819115696177	-2.20795655137969	-0.49988718355655	9.08263138678227e-13
rs6560924	5.776e-05	-3.15789473684211	0.998558082129405	1.70806936782314	3.24e-06	-2.5	0.999853478678256	-1.28962767872028	0.418441689102859	2.27529048644461e-12
rs6560925	5.776e-05	-3.15789473684211	0.998558082129405	1.70806936782314	4e-06	-1.95	0.999819115696177	-2.40792037451893	-0.699851006695786	7.43649865954029e-13
rs6560926	5.776e-05	-3.15789473684211	0.998558082129405	1.70806936782314	4e-06	-1.95	0.999819115696177	-2.40792037451893	-0.699851006695786	7.43649865954029e-13
rs6560927	5.776e-05	3.15789473684211	0.998558082129405	1.70806936782314	4e-06	1.95	0.999819115696177	-2.40792037451893	-0.699851006695786	7.43649865954029e-13
rs6560928	5.776e-05	-3.15789473684211	0.998558082129405	1.70806936782314	4e-06	-1.9	0.999819115696177	-2.50415296440469	-0.796083596581543	6.75422029170023e-13
rs710945	5.776e-05	-3.15789473684211	0.998558082129405	1.70806936782314	3.24e-06	-2.77777777777778	0.999853478678256	-0.556710391108907	1.15135897671424	4.73520499004153e-12
rs7132537	5.776e-05	3.15789473684211	0.998558082129405	1.70806936782314	4e-06	2.05	0.999819115696177	-2.20795655137969	-0.49988718355655	9.08263138678227e-13
rs7133691	8.649e-05	-0.817204301075269	0.997842415237652	-2.73619193161554	5.76e-06	3.75	0.999739547331686	2.90287398777031	0.166682056154761	1.76888268818865e-12
rs7135086	6.084e-05	2.56410256410256	0.9984813099276	0.0373650179910143	3.61e-06	-1.63157894736842	0.999836749036669	-3.02930330479029	-2.99193828679927	7.51497683491298e-14
rs7138056	5.776e-05	-3.28947368421053	0.998558082129405	2.13162672606709	4e-06	-2.35	0.999819115696177	-1.54807593502022	0.583550791046875	2.68375472966843e-12
rs7138325	6.724e-05	2.92682926829268	0.998321821018867	1.08095385912775	4e-06	-1.45	0.999819115696177	-3.25776662286068	-2.17681276373293	1.69797840645071e-13
rs7138463	5.776e-05	-3.15789473684211	0.998558082129405	1.70806936782314	4e-06	-1.95	0.999819115696177	-2.40792037451893	-0.699851006695786	7.43649865954029e-13
rs71452557	9e-04	0.633333333333333	0.97799511002445	-1.71210293673172	5.329e-05	3.64383561643836	0.997595528301891	3.60759373379163	1.89549079705991	9.96577615318638e-12
rs72488134	6.561e-05	2.71604938271605	0.998362436014328	0.475149273939011	4.84e-06	-1.59090909090909	0.999781138305989	-2.94831638172402	-2.47316710778501	1.26248755754279e-13
rs7294506	6.084e-05	-2.69230769230769	0.9984813099276	0.37380267173059	4.41e-06	1.38095238095238	0.999800578752432	-3.30672098617139	-2.9329183144408	7.97186057647874e-14
rs7296453	6.561e-05	-2.83950617283951	0.998362436014328	0.817523223189466	4e-06	1.55	0.999819115696177	-3.10779375550625	-2.29027053231679	1.51585646426754e-13
rs7298102	6.561e-05	-2.83950617283951	0.998362436014328	0.817523223189466	4e-06	1.5	0.999819115696177	-3.18402996307809	-2.36650673988862	1.40458852426931e-13
rs7299106	5.776e-05	-3.15789473684211	0.998558082129405	1.70806936782314	4e-06	-1.9	0.999819115696177	-2.50415296440469	-0.796083596581543	6.75422029170023e-13
rs7301673	6.084e-05	-2.69230769230769	0.9984813099276	0.37380267173059	4.41e-06	1.38095238095238	0.999800578752432	-3.30672098617139	-2.9329183144408	7.97186057647874e-14
rs7302208	6.084e-05	2.69230769230769	0.9984813099276	0.37380267173059	4e-06	-1.55	0.999819115696177	-3.10779375550625	-2.73399108377566	9.72641269975157e-14
rs7303081	6.724e-05	2.92682926829268	0.998321821018867	1.08095385912775	4e-06	-1.45	0.999819115696177	-3.25776662286068	-2.17681276373293	1.69797840645071e-13
rs7305166	5.776e-05	-3.15789473684211	0.998558082129405	1.70806936782314	4e-06	-2.05	0.999819115696177	-2.20795655137969	-0.49988718355655	9.08263138678227e-13
rs7305560	5.776e-05	3.15789473684211	0.998558082129405	1.70806936782314	3.24e-06	2.5	0.999853478678256	-1.28962767872028	0.418441689102859	2.27529048644461e-12
rs7306550	0.000324	0.144444444444444	0.991965082829084	-2.40163101647482	1.681e-05	0.341463414634146	0.999240273808876	-3.53302189144862	-5.93465290792345	3.96207711822969e-15
rs7307021	6.561e-05	-2.83950617283951	0.998362436014328	0.817523223189466	4e-06	1.5	0.999819115696177	-3.18402996307809	-2.36650673988862	1.40458852426931e-13
rs7307943	0.000324	-0.127777777777778	0.991965082829084	-2.40388130763494	2.116e-05	0.152173913043478	0.99904386398826	-3.46473781233662	-5.86861911997157	4.23253963959471e-15
rs7309027	5.776e-05	3.15789473684211	0.998558082129405	1.70806936782314	4e-06	1.95	0.999819115696177	-2.40792037451893	-0.699851006695786	7.43649865954029e-13
rs7313776	0.000324	0.105555555555556	0.991965082829084	-2.4064530689608	1.681e-05	0.463414634146341	0.999240273808876	-3.48398124743361	-5.89043431639441	4.14120581083666e-15
rs7313869	0.000324	-0.122222222222222	0.991965082829084	-2.4045701722758	1.681e-05	-0.170731707317073	0.999240273808876	-3.57671264702563	-5.98128281930143	3.78156710280192e-15
rs7314240	6.084e-05	-2.56410256410256	0.9984813099276	0.0373650179910143	4.41e-06	1.47619047619048	0.999800578752432	-3.1706936965452	-3.13332867855419	6.52412959515349e-14
rs7314723	5.776e-05	-3.15789473684211	0.998558082129405	1.70806936782314	4e-06	-2.35	0.999819115696177	-1.54807593502022	0.159993432802926	1.75709077791884e-12
rs73160462	0.003025	1.81818181818182	0.929692039511912	0.209245931737083	9e-04	0.53	0.960885861587707	-1.48567922130433	-1.27643328956724	4.17793808997963e-13
rs73162450	0.006561	1.7283950617284	0.859088078005198	0.303388040345762	0.00057121	1.09205020920502	0.97481525407031	-1.25948889659288	-0.956100856247117	5.75546753257979e-13
rs73162451	0.1444	-2.15789473684211	0.216919739696312	0.38278439316604	0.00181476	-0.889671361502347	0.924145878209652	-0.923733893516209	-0.540949500350169	8.71723093480416e-13
rs73162457	6.724e-05	2.92682926829268	0.998321821018867	1.08095385912775	4.84e-06	-1.22727272727273	0.999781138305989	-3.4606009319304	-2.37964707280264	1.38625249803457e-13
rs73162463	7.056e-05	-2.38095238095238	0.998239106216634	-0.341490959038094	4.84e-06	1.54545454545455	0.999781138305989	-3.01958177278096	-3.36107273181905	5.19534740706311e-14
rs73162464	0.1369	-1.75675675675676	0.226116449971735	0.220752715356363	0.00180625	-0.647058823529412	0.924474718168667	-1.09811200537481	-0.877359290018444	6.22698236879387e-13
rs73162467	0.1521	-2	0.208224882873503	0.299710830492375	0.00177241	-0.491686460807601	0.925784668512459	-1.18848546039118	-0.888774629898808	6.1563034282023e-13
rs73162469	6.561e-05	-2.83950617283951	0.998362436014328	0.817523223189466	4.84e-06	1.5	0.999781138305989	-3.08878150032899	-2.27125827713953	1.54495202386444e-13
rs73162471	0.0784	-1.46428571428571	0.337837837837838	0.156062172227084	0.00090601	0.299003322259136	0.960634948038806	-1.57449661442888	-1.4184344422018	3.62486371700291e-13
rs73162477	6.561e-05	2.83950617283951	0.998362436014328	0.817523223189466	4.84e-06	-1.5	0.999781138305989	-3.08878150032899	-2.27125827713953	1.54495202386444e-13
rs73162479	6.561e-05	2.83950617283951	0.998362436014328	0.817523223189466	4.84e-06	-1.45454545454545	0.999781138305989	-3.15591556436814	-2.33839234117867	1.44463803202095e-13
rs73162486	0.0841	-1.58620689655172	0.32232070910556	0.21094732113409	9e-04	0.406666666666667	0.960885861587707	-1.54118105632059	-1.3302337351865	3.95910266287934e-13
rs73162495	7.056e-05	-2.26190476190476	0.998239106216634	-0.6173648616915	4.84e-06	1.40909090909091	0.999781138305989	-3.22098396489838	-3.83834882658988	3.22356342339838e-14
rs73162500	0.0841	-1.6551724137931	0.32232070910556	0.246973654851002	0.00091809	0.303630363036304	0.960131012171896	-1.56682034252859	-1.31984668767759	4.00044036701737e-13
rs73162502	0.0784	-1.57142857142857	0.337837837837838	0.211003912436681	0.00088209	0.410774410774411	0.961634370234909	-1.54916565501927	-1.33816174258259	3.92783896086861e-13
rs73163603	0.0256	0.5	0.609756097560976	-0.394272160037141	0.00015876	0.198412698412698	0.992870596496505	-2.45222038838028	-2.84649254841742	8.69148385546105e-14
rs73163605	6.561e-05	2.83950617283951	0.998362436014328	0.817523223189466	4.84e-06	-1.59090909090909	0.999781138305989	-2.94831638172402	-2.13079315853455	1.7779445963668e-13
rs73163666	0.1521	-2.15384615384615	0.208224882873503	0.366244225020003	0.00168921	-0.586374695863747	0.929021189188155	-1.16297181068652	-0.796727585666517	6.74987204781594e-13
rs73163673	0.16	-2.125	0.2	0.339990724342895	0.00173889	-0.467625899280576	0.927085896585355	-1.20787181591859	-0.867881091575696	6.28628353353961e-13
rs73163675	0.16	-2.125	0.2	0.339990724342895	0.00169744	-0.446601941747573	0.928700029986343	-1.2278135458315	-0.8878228214886	6.16216583908446e-13
rs73163677	0.001024	1.625	0.975039001560063	-0.557864185593177	5.776e-05	-0.447368421052632	0.997394365172647	-2.87523096072315	-3.43309514631632	4.83432291661262e-14
rs73163681	6.561e-05	-2.83950617283951	0.998362436014328	0.817523223189466	4.84e-06	1.59090909090909	0.999781138305989	-2.94831638172402	-2.13079315853455	1.7779445963668e-13
rs73163686	0.000256	0.11875	0.993640699523052	-2.52191250457684	1.681e-05	3.51219512195122	0.999240273808876	2.57179524835932	0.0498827437824834	1.57388767594725e-12
rs73163697	0.0225	0.126666666666667	0.64	-0.505691401543769	0.00012769	0.442477876106195	0.994257838985244	-2.48262861192046	-2.98832001346423	7.54221732726259e-14
rs73163699	0.1296	-2.02777777777778	0.235849056603774	0.35039686000299	0.00173056	-0.495192307692308	0.927409830281421	-1.19775528855918	-0.84735842855619	6.41662774245245e-13
rs7316457	6.084e-05	2.69230769230769	0.9984813099276	0.37380267173059	4.41e-06	-1.38095238095238	0.999800578752432	-3.30672098617139	-2.9329183144408	7.97186057647874e-14
rs73427954	0.7396	1.86046511627907	0.0513083632632119	0.0624618659626475	0.00459684	-2.37463126843658	0.827875112185509	1.45437409551474	1.51683596147739	6.82438347034663e-12
rs73427969	0.09	-0.5	0.307692307692308	-0.14540085160112	0.00080656	1.07746478873239	0.964803849721062	-1.1133742391381	-1.25877509073922	4.25236816801622e-13
rs74238935	0.000225	1.2	0.994406463642014	-1.87709913100582	2.209e-05	-0.872340425531915	0.999001882941061	-3.07471086096453	-4.95180999197035	1.05868358514115e-14
rs74337272	0.002025	-0.0755555555555556	0.951814396192742	-1.51363070556068	0.00036481	-0.246073298429319	0.983767748213601	-2.0305929965332	-3.54422370209388	4.32586675200088e-14
rs74497823	0.005776	-0.710526315789474	0.873820342537574	-0.814451196129428	0.00126025	0.859154929577465	0.94607364033472	-1.11089713550899	-1.92534833163842	2.18344259416023e-13
rs74543675	0.4096	0.359375	0.0889679715302491	-0.0408434882889689	0.00181476	1.71830985915493	0.924145878209652	0.0748397552139146	0.0339962669249457	1.54908170723982e-12
rs74742668	0.2916	0.814814814814815	0.120627261761158	-0.0242295938044703	0.000784	0.582142857142857	0.965754595403666	-1.52345901258506	-1.54768860638953	3.18535113081886e-13
rs74920871	0.002209	-1.40425531914894	0.947665189888412	-0.540680640914045	0.00155236	0.634517766497462	0.934394228574684	-1.17394626746199	-1.71462690837604	2.69560919747354e-13
rs75015233	0.36	-0.2	0.1	-0.0506802578289131	0.00079524	0.340425531914894	0.965280674176453	-1.62429643545943	-1.67497669328834	2.8046379041262e-13
rs75020107	0.0121	0.0663636363636364	0.767754318618042	-0.7282891023081	0.000576	1.25	0.974609424440889	-1.07527499455069	-1.80356409685879	2.46622104461606e-13
rs75141181	0.0025	0.22	0.941176470588235	-1.39383020143987	0.00018225	-0.318518518518519	0.991824359935634	-2.35298583752881	-3.74681603896868	3.53255070212792e-14
rs75753737	0.0121	0.2	0.767754318618042	-0.714624661705952	0.00035721	0.714285714285714	0.984100534250658	-1.8196888308396	-2.53431349254555	1.18760377424529e-13
rs75772856	0.001024	1.5	0.975039001560063	-0.748301490585376	6.084e-05	-0.538461538461538	0.99725580332855	-2.80456086233585	-3.55286235292122	4.28865804750303e-14
rs76124812	0.2809	0.754716981132076	0.124649423496416	-0.0310653931910824	0.00076729	0.310469314079422	0.966460013471362	-1.65092934431705	-1.68199473750813	2.78502373834051e-13
rs76592057	0.0441	-0.333333333333333	0.475624256837099	-0.296349822438768	0.00440896	-0.373493975903614	0.833740486396206	-0.838950227216268	-1.13530004965504	4.81122189863562e-13
rs76766828	0.2704	0.326923076923077	0.128865979381443	-0.0620932080092477	0.00080089	0.293286219081272	0.965042624272554	-1.63530795576527	-1.69740116377452	2.74244530837734e-13
rs77061820	0.0441	2.23809523809524	0.475624256837099	0.868444275937801	0.00020164	-0.028169014084507	0.99096239577286	-2.35278741837398	-1.48434314243618	3.39365663024845e-13
rs77121947	6.561e-05	2.71604938271605	0.998362436014328	0.475149273939011	4.84e-06	-1.54545454545455	0.999781138305989	-3.01958177278096	-2.54443249884195	1.17564700153054e-13
rs77237055	0.003481	-1.13559322033898	0.91994204365125	-0.669336493004084	0.000196	-1.81428571428571	0.991212962099846	-0.735884328542431	-1.40522082154652	3.67307913970772e-13
rs77516785	7.056e-05	2.38095238095238	0.998239106216634	-0.341490959038094	4.84e-06	-1.40909090909091	0.999781138305989	-3.22098396489838	-3.56247492393648	4.24763052337257e-14
rs77528007	0.000441	0.80952380952381	0.989095225142801	-1.93518597009482	5.776e-05	2.93421052631579	0.997394365172647	1.31853951188168	-0.616646458213139	8.08171963723403e-13
rs77981385	7.056e-05	2.97619047619048	0.998239106216634	1.25008924857771	4.84e-06	-1.22727272727273	0.999781138305989	-3.4606009319304	-2.21051168335268	1.64171175596218e-13
rs78082697	0.000576	0.3375	0.985804416403785	-2.07126754639751	3.6e-05	1.35	0.998374393638988	-2.30116852757832	-4.37243607397582	1.88966611268514e-14
rs78201109	0.0441	2.0952380952381	0.475624256837099	0.721227244059651	0.00020449	0.0909090909090909	0.990835827984267	-2.3421325089513	-1.62090526489165	2.96046357604042e-13
rs78350471	0.3969	-0.412698412698413	0.0915541313801785	-0.0402132391785414	0.00084681	0.824742268041237	0.963112235730638	-1.32238330802294	-1.36259654720148	3.83302606790873e-13
rs78376456	0.002809	1.50943396226415	0.934382956854867	-0.297515099696991	0.00016129	3.40157480314961	0.992757805109733	3.27954141971374	2.98202632001675	2.95384369148759e-11
rs78664596	0.000484	-0.818181818181818	0.988044659618615	-1.88257944036588	4.9e-05	-1.5	0.997788667226292	-1.93456768946888	-3.81714712983476	3.29263810027684e-14
rs79134689	0.003481	1.06779661016949	0.91994204365125	-0.738048050415554	0.00019881	1.58156028368794	0.991088107366067	-1.12066366140617	-1.85871171182172	2.33389704674412e-13
rs79188299	0.000576	1.83333333333333	0.985804416403785	-0.470713099871919	3.6e-05	0.6	0.998374393638988	-3.03122980292683	-3.50194290279874	4.51268953362125e-14
rs79400886	0.0441	1.80952380952381	0.475624256837099	0.455913032762766	0.00020736	0.368055555555556	0.990708404668591	-2.27221940410956	-1.81630637134679	2.4349951461022e-13
rs7953302	5.929e-05	3.11688311688312	0.998519943813283	1.59245322459574	3.24e-06	2.5	0.999853478678256	-1.28962767872028	0.302825545875459	2.02686768156377e-12
rs7953400	0.000324	-0.0888888888888889	0.991965082829084	-2.40806041978945	1.764e-05	-0.357142857142857	0.999202791950401	-3.50347276831472	-5.91153318810418	4.05474634663307e-15
rs7957365	5.776e-05	-3.15789473684211	0.998558082129405	1.70806936782314	4e-06	-2.1	0.999819115696177	-2.10422531812622	-0.396155950303073	1.00753836265937e-12
rs7958575	0.000144	-1.91666666666667	0.996412913511359	-0.984990709350151	8.41e-06	0.103448275862069	0.99961976657924	-3.9320138759882	-4.91700458533836	1.09618025599122e-14
rs7959401	6.724e-05	2.92682926829268	0.998321821018867	1.08095385912775	4e-06	-1.45	0.999819115696177	-3.25776662286068	-2.17681276373293	1.69797840645071e-13
rs7960480	6.241e-05	2.78481012658228	0.998442180587738	0.639309021252683	3.61e-06	-1.68421052631579	0.999836749036669	-2.94205993195191	-2.30275091069922	1.4970555672094e-13
rs7960889	6.724e-05	-2.80487804878049	0.998321821018867	0.732046024595577	4e-06	1.35	0.999819115696177	-3.39774129905814	-2.66569527446257	1.04138948012499e-13
rs7960924	6.084e-05	2.56410256410256	0.9984813099276	0.0373650179910143	4.41e-06	-1.42857142857143	0.999800578752432	-3.23984090210518	-3.20247588411417	6.08824792553159e-14
rs7961667	0.000196	1.64285714285714	0.995123892924669	-1.31879451479276	1.225e-05	-1.11428571428571	0.999446248409793	-3.12892463394925	-4.44771914874201	1.7526292320425e-14
rs7963812	6.4e-05	2.75	0.998402555910543	0.555534478986716	3.61e-06	-1.68421052631579	0.999836749036669	-2.94205993195191	-2.38652545296519	1.37675004456061e-13
rs7964377	6.084e-05	2.56410256410256	0.9984813099276	0.0373650179910143	4.41e-06	-1.47619047619048	0.999800578752432	-3.1706936965452	-3.13332867855419	6.52412959515349e-14
rs7964704	6.084e-05	-2.69230769230769	0.9984813099276	0.37380267173059	3.61e-06	1.68421052631579	0.999836749036669	-2.94205993195191	-2.56825726022132	1.14796851810843e-13
rs7965712	6.084e-05	-2.56410256410256	0.9984813099276	0.0373650179910143	3.61e-06	1.63157894736842	0.999836749036669	-3.02930330479029	-2.99193828679927	7.51497683491298e-14
rs7965938	6.084e-05	-2.30769230769231	0.9984813099276	-0.586275510892103	4.41e-06	1.85714285714286	0.999800578752432	-2.53589967828969	-3.1221751891818	6.59730372009743e-14
rs7967315	0.000324	-0.116666666666667	0.991965082829084	-2.40522842071039	2.116e-05	0.0869565217391304	0.99904386398826	-3.47252808821366	-5.87775650892405	4.19404143305144e-15
rs7967886	5.776e-05	-3.15789473684211	0.998558082129405	1.70806936782314	4e-06	-2.25	0.999819115696177	-1.77803433163034	-0.0699649638071946	1.39612574806084e-12
rs7970687	5.625e-05	3.2	0.998595724762053	1.8286931336977	3.24e-06	2.44444444444444	0.999853478678256	-1.4269532336622	0.401739900035498	2.23760465114287e-12
rs7971566	6.724e-05	-2.92682926829268	0.998321821018867	1.08095385912775	4.84e-06	1.45454545454545	0.999781138305989	-3.15591556436814	-2.07496170524038	1.88003318682358e-13
rs7972415	6.724e-05	2.80487804878049	0.998321821018867	0.732046024595577	4e-06	-1.35	0.999819115696177	-3.39774129905814	-2.66569527446257	1.04138948012499e-13
rs7972656	0.000784	0.607142857142857	0.980776775205963	-1.79504988474338	0.00016641	0.124031007751938	0.992529625829671	-2.44077071119938	-4.23582059594276	2.16628914339887e-14
rs7972746	6.084e-05	2.69230769230769	0.9984813099276	0.37380267173059	4.41e-06	-1.47619047619048	0.999800578752432	-3.1706936965452	-2.79689102481461	9.13346556619451e-14
rs7973361	6.084e-05	2.56410256410256	0.9984813099276	0.0373650179910143	4.41e-06	-1.42857142857143	0.999800578752432	-3.23984090210518	-3.20247588411417	6.08824792553159e-14
rs79742517	0.2601	0.0803921568627451	0.133288903698767	-0.071094073642306	0.00111556	-1.33532934131737	0.951967571630234	-0.669210646061647	-0.740304719703953	7.14166837332869e-13
rs7974709	7.225e-05	0.705882352941176	0.998197006656726	-2.91046775395391	4.41e-06	4.28571428571429	0.999800578752432	4.9217964754657	2.01132872151179	1.11897117569897e-11
rs7975069	6.241e-05	2.78481012658228	0.998442180587738	0.639309021252683	3.61e-06	-1.63157894736842	0.999836749036669	-3.02930330479029	-2.3899942835376	1.37198260541527e-13
rs7975140	6.241e-05	2.65822784810127	0.998442180587738	0.29534960957769	3.61e-06	-1.42105263157895	0.999836749036669	-3.35058048730622	-3.05523087772853	7.05407419396591e-14
rs7975224	0.000841	0.655172413793103	0.979407947895497	-1.7312191813692	0.00016641	0.178294573643411	0.992529625829671	-2.43262935587664	-4.16384853724583	2.32794915789932e-14
rs7979415	6.561e-05	-2.83950617283951	0.998362436014328	0.817523223189466	4e-06	1.5	0.999819115696177	-3.18402996307809	-2.36650673988862	1.40458852426931e-13
rs7980439	5.776e-05	-3.15789473684211	0.998558082129405	1.70806936782314	4e-06	-1.95	0.999819115696177	-2.40792037451893	-0.699851006695786	7.43649865954029e-13
rs79832486	0.000324	-0.833333333333333	0.991965082829084	-2.06754697376399	2.116e-05	-0.739130434782609	0.99904386398826	-3.20340946700699	-5.27095644077098	7.69418523819719e-15
rs80217340	0.0441	1.85714285714286	0.475624256837099	0.497435785343782	0.00020449	0.272727272727273	0.990835827984267	-2.30937760554686	-1.81194182020308	2.44564603321515e-13
rs80353121	0.0441	2.0952380952381	0.475624256837099	0.721227244059651	0.00020164	0.0774647887323944	0.99096239577286	-2.35020729906342	-1.62898005500377	2.9366547091964e-13
rs905224	5.625e-05	3.2	0.998595724762053	1.8286931336977	3.24e-06	2.94444444444444	0.999853478678256	-0.079928408220665	1.74876472547704	8.60575157038642e-12
rs905225	5.776e-05	-3.15789473684211	0.998558082129405	1.70806936782314	4e-06	-2.25	0.999819115696177	-1.77803433163034	-0.0699649638071946	1.39612574806084e-12
rs905226	5.625e-05	-3.2	0.998595724762053	1.8286931336977	3.24e-06	-2.83333333333333	0.999853478678256	-0.400869031006279	1.42782410269142	6.24318297321165e-12
rs924620	0.000225	-0.0266666666666667	0.994406463642014	-2.59271821808544	1.225e-05	3.71428571428571	0.999446248409793	3.14474224535451	0.552024027269065	2.6004644632042e-12
rs9645800	0.001156	1.11764705882353	0.971911750413063	-1.1791775101782	6.084e-05	4.16666666666667	0.99725580332855	5.70760095468474	4.52842344450654	1.38668956683972e-10
