snp	V.df1	z.df1	r.df1	lABF.df1	V.df2	z.df2	r.df2	lABF.df2	internal.sum.lABF	SNP.PP.H4
rs10432043	6.241e-05	-0.860759493670886	0.998442180587738	-2.86235777072046	3.61e-06	-5.63157894736842	0.999839339390315	11.4866848540193	8.62432708329884	7.98008703042768e-08
rs10491141	0.000484	-0.440909090909091	0.988044659618615	-2.11725025409823	2.304e-05	-1.64583333333333	0.99897550627396	-2.08878223414159	-4.20603248823983	2.13723985872629e-13
rs111364852	0.1225	1.71428571428571	0.246153846153846	0.220411961517228	0.00404496	-0.0723270440251572	0.847423775454408	-0.937828965185073	-0.717417003667845	6.99744863904862e-12
rs111725813	0.001089	-0.939393939393939	0.973496556255932	-1.38570394161036	7.396e-05	-0.779069767441861	0.996718733445227	-2.55728382379517	-3.94298776540553	2.78030305329205e-13
rs111769	5.776e-05	0.171052631578947	0.998558082129405	-3.2562821916275	3.24e-06	5.11111111111111	0.999855803615775	8.63767773697879	5.38139554535128	3.11616435622401e-09
rs111986713	0.0361	0.315789473684211	0.525624178712221	-0.346669291961577	0.00108241	-0.0699088145896656	0.95403491644143	-1.53760531197013	-1.8842746039317	2.17861205542605e-12
rs112614367	0.1089	-0.181818181818182	0.268636668905306	-0.151982179356428	0.00087616	1.33108108108108	0.962464672612035	-0.788600052645819	-0.940582232002247	5.59783756548576e-12
rs114008285	0.0196	-0.714285714285714	0.671140939597315	-0.384853580550754	0.00041209	0.231527093596059	0.981987661690309	-1.98202952344638	-2.36688310399714	1.34457704935062e-12
rs114117782	0.0196	-0.671428571428571	0.671140939597315	-0.404782357430634	0.00057121	-0.225941422594142	0.975205022437665	-1.82366520469367	-2.2284475621243	1.54421400152769e-12
rs114487120	0.0324	-0.322222222222222	0.552486187845304	-0.373342402248675	0.00052441	-0.502183406113537	0.97719017030032	-1.76706395233129	-2.14040635457997	1.68633283574123e-12
rs115090569	0.0256	-0.29375	0.609756097560976	-0.444184031226166	0.00049729	-0.878923766816143	0.978344241109615	-1.53835304877281	-1.98253707999897	1.97471784755376e-12
rs115092678	0.0144	-0.808333333333333	0.735294117647059	-0.424346364162847	0.00038416	0.275510204081633	0.983187949795544	-2.00551481820166	-2.42986118236451	1.26250952132652e-12
rs115283005	0.1764	0.380952380952381	0.184842883548983	-0.0887745661588485	0.00080089	-2.41696113074205	0.965578296838333	1.13577589917896	1.04700133302012	4.08523333313127e-11
rs11537609	0.0025	0.52	0.941176470588235	-1.28935961320458	0.00012996	-2.42982456140351	0.99424855910139	0.355892877508869	-0.933466735695709	5.63781100478198e-12
rs115851737	0.0144	-0.75	0.735294117647059	-0.457766503051736	0.00038025	0.164102564102564	0.983356215713921	-2.03461850408654	-2.49238500713828	1.18598967998811e-12
rs116187585	0.0144	-0.916666666666667	0.735294117647059	-0.3556423200452	0.00038025	0.0974358974358974	0.983356215713921	-2.04319135314661	-2.39883367319181	1.30229609436242e-12
rs11650370	0.007921	0.051685393258427	0.83470712213852	-0.898903270706086	0.00054756	-0.0512820512820513	0.97620719167058	-1.86790231885234	-2.76680558955843	9.01366815854116e-13
rs11655598	7.569e-05	0.137931034482759	0.99811132384745	-3.12644505272969	4.41e-06	-2.38095238095238	0.999803742918536	-1.43413172309333	-4.56057677582302	1.49925890595041e-13
rs11658976	6.4e-05	-0.1	0.998402555910543	-3.21468317277047	4e-06	4.75	0.999821985793687	6.96241817718025	3.74773500440978	6.08317902064843e-10
rs116845508	0.000784	-1.64285714285714	0.980776775205963	-0.652269802918576	4.624e-05	-0.0882352941176471	0.997946016914084	-3.09010246315224	-3.74237226607081	3.3979606168024e-13
rs116993697	0.001849	1.3953488372093	0.955817343305694	-0.629224066389283	0.00012769	0.371681415929204	0.994348451264476	-2.51922966444158	-3.14845373083087	6.15394886915907e-13
rs117188157	0.000576	1.16666666666667	0.985804416403785	-1.4565175162757	4.225e-05	-0.107692307692308	0.998122920225228	-3.13323107880836	-4.58974859508407	1.456154568841e-13
rs117300236	8.281e-05	0.318681318681319	0.997934027080437	-3.04040302439435	5.76e-06	6.95833333333333	0.999743679619524	20.0684548723254	17.0280518479311	0.000356204105321071
rs117347792	0.005625	0.0506666666666667	0.876712328767123	-1.04549212292587	0.00034969	1.14438502673797	0.984673344942538	-1.44430838286587	-2.48980050579175	1.18905883632394e-12
rs117545992	0.005476	0.0432432432432432	0.879584835957428	-1.05758250123623	0.00034225	1.12972972972973	0.984994541535213	-1.47110164485025	-2.52868414608648	1.14371125321325e-12
rs117552032	0.001444	1.02631578947368	0.96515780330084	-1.1701510518332	0.00011881	0.477064220183486	0.994739411764051	-2.51055970753724	-3.68071075937044	3.6140785966875e-13
rs117882981	0.002704	-0.442307692307692	0.936680404645935	-1.28815596907917	0.00014884	2.74590163934426	0.993418514940848	1.23342835428232	-0.0547276147968438	1.35750695792667e-11
rs117936104	0.000676	-0.615384615384615	0.983380863408398	-1.8623979267709	4.624e-05	2.42647058823529	0.997946016914084	-0.156154122551347	-2.01855204932225	1.90486388927385e-12
rs118058613	4e-04	-1.15	0.99009900990099	-1.6528572881236	3.249e-05	0.543859649122807	0.99855591057913	-3.12246006711748	-4.77531735524108	1.20952817300991e-13
rs118059088	0.003721	-1.45901639344262	0.914892157086983	-0.258139384791093	0.00024336	0.371794871794872	0.989283768947228	-2.19962282963547	-2.45776221442656	1.22777107547273e-12
rs12325819	0.000484	0.327272727272727	0.988044659618615	-2.16037513722725	2.209e-05	1.25531914893617	0.999017707359234	-2.67567152295547	-4.83604666018271	1.13826029406857e-13
rs12452064	5.776e-05	-1.31578947368421	0.998558082129405	-2.40648782654664	3.24e-06	-6.05555555555556	0.999855803615775	13.9100655162305	11.5035776896839	1.4205295688046e-06
rs12452215	0.000484	0.240909090909091	0.988044659618615	-2.18461693543587	2.601e-05	1.15686274509804	0.9988435953486	-2.7128278835962	-4.89744481903206	1.0704754334444e-13
rs12453054	0.0016	-0.06	0.961538461538462	-1.62731749977997	0.00012544	2.57142857142857	0.99444748313021	0.691013166324498	-0.936304333455474	5.62183584116835e-12
rs12603920	0.000484	0.277272727272727	0.988044659618615	-2.17530808492376	2.601e-05	1.17647058823529	0.9988435953486	-2.68997852030391	-4.86528660522766	1.10545950915e-13
rs12937492	0.000484	-0.418181818181818	0.988044659618615	-2.12689593801703	2.304e-05	-1.5625	0.99897550627396	-2.22232583480669	-4.34922177282372	1.8521107345655e-13
rs12947457	0.000484	-0.422727272727273	0.988044659618615	-2.12500762952499	2.601e-05	-1.19607843137255	0.9988435953486	-2.66674513409914	-4.79175276362414	1.18981155271242e-13
rs12948390	0.000169	-1.69230769230769	0.995792775523413	-1.30954794253038	1.156e-05	-0.470588235294118	0.999485711974342	-3.67569384591311	-4.9852417884435	9.80498572436671e-14
rs12951057	1e-04	0.04	0.997506234413965	-2.99618270866574	7.29e-06	-1.7037037037037	0.999675616604136	-2.56595983422692	-5.56214254289266	5.50683610840973e-14
rs1378358	8.649e-05	0.946236559139785	0.997842415237652	-2.6226670227713	5.76e-06	6.66666666666667	0.999743679619524	18.0819850089147	15.4593179861434	7.42004366055149e-05
rs137899307	0.4489	0.865671641791045	0.0818163223563101	-0.0120228517060392	0.001849	-0.36046511627907	0.923956770654697	-1.22819943889479	-1.24022229060083	4.14847300341372e-12
rs137912058	0.0484	1.77272727272727	0.452488687782805	0.409800796127973	0.00278784	-0.873106060606061	0.889607793860362	-0.762777548334822	-0.352976752206849	1.00742821426197e-11
rs138254548	0.0121	-0.772727272727273	0.767754318618042	-0.50076384097024	0.00059049	0.0823045267489712	0.974389553230425	-1.82907719237171	-2.32984103334195	1.39531692075256e-12
rs138474086	0.0016	1.3	0.961538461538462	-0.816548269010742	0.00013689	-1.75213675213675	0.993943726094476	-1.02763499801489	-1.84418326702563	2.26773001805762e-12
rs139331985	0.001444	-0.868421052631579	0.96515780330084	-1.31452368723	9.409e-05	-0.680412371134021	0.995829382194077	-2.50933046891185	-3.82385415614185	3.13206816832048e-13
rs140176621	0.005476	0.716216216216216	0.879584835957428	-0.832806491787347	0.00033856	-0.831521739130435	0.985153922433142	-1.76442809129337	-2.59723458308072	1.0679362236458e-12
rs140197220	0.0169	-0.684615384615385	0.70298769771529	-0.442246316595629	0.00060025	-0.0204081632653061	0.973977262810338	-1.82418948049401	-2.26643579708964	1.48665229318896e-12
rs140394071	0.04	0.46	0.5	-0.293673590279973	0.00105625	0.0923076923076923	0.955095930142708	-1.54754437507045	-1.84121796535042	2.2744645016321e-12
rs140601493	0.0121	-0.0709090909090909	0.767754318618042	-0.728049575650845	0.00447561	0.853512705530643	0.833878131100922	-0.593783392406073	-1.32183296805692	3.82336008000687e-12
rs141599417	0.001369	0.405405405405405	0.966907587807295	-1.62476828710948	9.604e-05	1.48979591836735	0.995743314744217	-1.62461016526302	-3.2493784523725	5.56317643710688e-13
rs142167	7.744e-05	-0.954545454545454	0.998067740853707	-2.66983449259827	4.41e-06	-6.90476190476191	0.999803742918536	19.5651475711991	16.8953130786008	0.000311925733800573
rs142262847	0.001849	1.25581395348837	0.955817343305694	-0.806016673966648	0.00014641	0.297520661157025	0.993525270237035	-2.47595149877587	-3.28196817274252	5.38479653588051e-13
rs142309757	0.003364	1.53448275862069	0.922424130615257	-0.192262281824635	0.00024336	-0.891025641025641	0.989283768947228	-1.87528848748617	-2.0675507693108	1.81377777166548e-12
rs142770499	0.001089	-0.606060606060606	0.973496556255932	-1.63645305458537	6.4e-05	1.2125	0.997159357818941	-2.19887253506776	-3.83532558965313	3.09634415117256e-13
rs142817199	0.0289	-0.317647058823529	0.58055152394775	-0.405118567508889	0.00052441	-0.48471615720524	0.97719017030032	-1.77548655977539	-2.18060512728428	1.61988875780339e-12
rs143605657	0.0144	1.33333333333333	0.735294117647059	-0.0109732023981409	0.00636804	1.50751879699248	0.779149428437001	0.130218053654049	0.119244851255908	1.61546423020125e-11
rs143749286	0.003249	-0.403508771929825	0.924876875765914	-1.21901951134701	0.00020449	1.03496503496504	0.990979950285188	-1.82340732980984	-3.04242684115685	6.84227896381088e-13
rs144235188	0.0256	0.46875	0.609756097560976	-0.403501866592019	0.02307361	-0.366030283080974	0.493330073677072	-0.30690003037134	-0.710401896963359	7.04670906948289e-12
rs144351579	9e-04	1	0.97799511002445	-1.41924773434107	6.4e-05	0.2	0.997159357818941	-2.91191937898313	-4.3311671133242	1.88585365510856e-13
rs144786610	0.0025	-0.44	0.941176470588235	-1.32550078967517	0.000169	0.584615384615385	0.992533725280716	-2.27906787116886	-3.60456866084403	3.90000969214632e-13
rs145227898	0.0225	2.46666666666667	0.64	1.43619659845623	0.00138384	0.28494623655914	0.941977253284618	-1.38521846124806	0.0509781372081746	1.50886188842088e-11
rs145263608	0.0361	-0.315789473684211	0.525624178712221	-0.346669291961577	0.00262144	0.869140625	0.895508357966336	-0.791088159328064	-1.13775745128964	4.59608638204379e-12
rs146019623	0.005476	-0.0121621621621622	0.879584835957428	-1.05833985012256	0.00034596	1.13978494623656	0.984834348765907	-1.45465715842474	-2.5129970085473	1.16179427353052e-12
rs146195254	0.0841	1.06896551724138	0.32232070910556	-0.0103846759033188	0.00221841	-0.0339702760084926	0.910129530860811	-1.20416780308408	-1.2145524789874	4.2563420902646e-12
rs146377550	0.0784	-0.714285714285714	0.337837837837838	-0.119939275649364	0.00196249	0.27313769751693	0.919664268222982	-1.2264649799003	-1.34640425554967	3.73055997822681e-12
rs146748702	9e-04	-0.7	0.97799511002445	-1.6686364873973	5.776e-05	-0.131578947368421	0.997435610191493	-2.97438304901008	-4.64301953640739	1.3806137721717e-13
rs146803513	0.2209	0.134042553191489	0.153315446531238	-0.0818362004162901	0.00950625	1.43794871794872	0.702672934015737	0.119995931672482	0.038159731256192	1.48964411794242e-11
rs146984097	0.007056	-0.357142857142857	0.850051003060184	-0.89451759513392	0.00035344	0.936170212765957	0.984511530886153	-1.65240955714117	-2.54692715227509	1.12303568739222e-12
rs147013987	0.04	-0.31	0.5	-0.322548590279973	0.00298116	-0.285714285714286	0.882849546981486	-1.03611344813319	-1.35866203841317	3.6851107067784e-12
rs147134771	8.281e-05	-0.186813186813187	0.997934027080437	-3.07366347500106	5.29e-06	-6.21739130434783	0.999764589726956	15.1463369496263	12.0726734746253	2.50960538288415e-06
rs147180978	0.0169	-1.23076923076923	0.70298769771529	-0.0745504731663795	0.00060516	-0.378048780487805	0.973769982198559	-1.75083937162295	-1.82538984478933	2.31075141925416e-12
rs147405729	0.000529	-0.0478260869565217	0.986947617755188	-2.16826356747493	3.6e-05	1.78333333333333	0.998400150510679	-1.63132795566829	-3.79959152314322	3.20898977572935e-13
rs147451558	0.0324	-0.266666666666667	0.552486187845304	-0.382379984951083	0.00097969	-0.0575079872204473	0.958214702943922	-1.58602088441305	-1.96840086936414	2.00283111436141e-12
rs148117321	0.0121	0.0872727272727273	0.767754318618042	-0.727055936590551	0.00077841	-0.681003584229391	0.966512116672189	-1.47416812664504	-2.20122406323559	1.58683036093883e-12
rs148200460	0.001444	-0.605263157894737	0.96515780330084	-1.50167339978141	8.281e-05	3.13186813186813	0.996327541399299	2.08284120128926	0.581167801507849	2.56394045333909e-11
rs148639599	0.001225	-0.428571428571428	0.970285021224985	-1.66894420415281	9.025e-05	1.28421052631579	0.995998912370149	-1.93929547593929	-3.6082396800921	3.88571892838221e-13
rs149283012	0.001681	0.853658536585366	0.959669873563494	-1.25565676392305	0.00012321	-0.414414414414414	0.994545654178483	-2.5202700041566	-3.77592676807965	3.28583541313861e-13
rs149551885	0.001849	1.46511627906977	0.955817343305694	-0.533849107038336	0.00012769	1.12389380530973	0.994348451264476	-1.95991352760964	-2.49376263464798	1.18435695288185e-12
rs149882796	0.0576	-0.129166666666667	0.409836065573771	-0.260258604707417	0.00145161	1.14698162729659	0.939308195346648	-0.783111938548167	-1.04337054325558	5.05102939390886e-12
rs149935689	0.2025	1.15555555555556	0.164948453608247	0.019997635876306	0.0036	-1.02666666666667	0.86188966949848	-0.535616199502586	-0.51561856362628	8.56208763079905e-12
rs150685205	0.0324	-0.266666666666667	0.552486187845304	-0.382379984951083	0.00235225	-0.523711340206185	0.905221402231308	-1.05396667672457	-1.43634666167565	3.40967147316057e-12
rs150820910	0.002209	0.574468085106383	0.947665189888412	-1.31867558064362	0.00012544	0.0178571428571429	0.99444748313021	-2.59659342849452	-3.91526900913814	2.85844762784952e-13
rs150841918	0.001156	-0.88235294117647	0.971911750413063	-1.40786262792245	6.724e-05	-0.414634146341463	0.997015979433093	-2.82153762308765	-4.22940025101011	2.08787634835884e-13
rs155739	0.000169	0.146153846153846	0.995792775523413	-2.72484052073657	1.024e-05	3.96875	0.999544410150125	4.02494148611237	1.30010096537579	5.26182791390221e-11
rs169201	8.649e-05	-0.870967741935484	0.997842415237652	-2.6909088760044	5.76e-06	-6.75	0.999743679619524	18.6408694964798	15.9499606204754	0.000121196436169324
rs16941095	0.0016	0.235	0.961538461538462	-1.60249778824151	0.00010609	2.32038834951456	0.995299972167147	-0.000645327764897008	-1.60314311600641	2.88585001787165e-12
rs16941105	0.0324	-1	0.552486187845304	-0.125780844374042	0.00030976	-1.0625	0.986399645408841	-1.59205334450042	-1.71783418887447	2.57314379348331e-12
rs16941125	0.000529	0.565217391304348	0.986947617755188	-2.01174188431506	3.364e-05	0.241379310344828	0.99850487272527	-3.22368354137755	-5.23542542569261	7.63472841087818e-14
rs16941389	0.0361	-1.10526315789474	0.525624178712221	-0.0518247041797913	0.00042025	-1.55609756097561	0.981637539741946	-0.81023543564288	-0.862060139822671	6.05510953182625e-12
rs16941674	0.000484	-0.304545454545455	0.988044659618615	-2.16746905291356	2.304e-05	-1.54166666666667	0.99897550627396	-2.25462777717536	-4.42209683008891	1.72193880645565e-13
rs172026	0.0169	2.46153846153846	0.70298769771529	1.52277068613937	0.000841	1	0.963916600718114	-1.17900288618884	0.34376779995053	2.02211766867167e-11
rs17692129	6.561e-05	1.09876543209877	0.998362436014328	-2.60461852421858	3.24e-06	1.33333333333333	0.999855803615775	-3.53340648975152	-6.1380250139701	3.09599016228592e-14
rs17698176	8.281e-05	-0.0879120879120879	0.997934027080437	-3.08722072388967	4.84e-06	-3.22727272727273	0.99978461086225	0.984990846620248	-2.10222987726942	1.75195573866987e-12
rs181653549	0.005476	0.0608108108108108	0.879584835957428	-1.0567785709762	0.00029584	-0.970930232558139	0.987002874876832	-1.70628701770256	-2.76306558867875	9.04744240386844e-13
rs181872462	0.007569	1.14942528735632	0.840883768841052	-0.36358139062	0.00037636	0.778350515463918	0.983523678100774	-1.75499164124139	-2.11857303186139	1.72355595832071e-12
rs181942582	0.0169	-1.30769230769231	0.70298769771529	-0.0059155796024607	0.00092416	1.17434210526316	0.960489565401112	-0.953299560182244	-0.959215139784705	5.49449931021322e-12
rs182382108	0.001681	0.878048780487805	0.959669873563494	-1.23539008902031	0.00012321	-0.441441441441441	0.994545654178483	-2.50876746737221	-3.74415755639252	3.3918996824732e-13
rs183211	7.744e-05	0.931818181818182	0.998067740853707	-2.69122902320025	4e-06	6.9	0.999821985793687	19.4839387717639	16.7927097485637	0.000281508261911999
rs183294677	0.0961	0.248387096774194	0.293901542983101	-0.164934000022966	0.00555025	-0.573154362416107	0.80189258484415	-0.677759715372081	-0.842693715395046	6.17351822869019e-12
rs183527054	0.001764	-0.0404761904761905	0.957762666411263	-1.58144082160022	0.00010816	0.163461538461538	0.995208705857059	-2.65718153766742	-4.23862235926764	2.06871023845142e-13
rs183555114	0.0225	0.406666666666667	0.64	-0.457904734877102	0.00166464	0.742647058823529	0.931015839376142	-1.08020008412589	-1.53810481900299	3.07977883363306e-12
rs183950723	0.0144	-0.133333333333333	0.735294117647059	-0.658032025927553	0.00091204	1.33443708609272	0.960987514561706	-0.766310806067411	-1.42434283199496	3.45084722774066e-12
rs185661065	0.1089	-0.145454545454545	0.268636668905306	-0.153580678543303	0.00222784	0.218220338983051	0.909781975320766	-1.18110105910804	-1.33468173765134	3.7745488608388e-12
rs186297093	0.0196	0.478571428571429	0.671140939597315	-0.479207093768122	0.00198025	3.26516853932584	0.918996142870574	3.64222929436125	3.16302220059313	3.38994813123025e-10
rs186436350	0.001764	-1.07142857142857	0.957762666411263	-1.03248915907843	0.00014641	-0.190082644628099	0.993525270237035	-2.50197546852766	-3.53446462760609	4.18322747386021e-13
rs186519785	0.1764	-0.952380952380952	0.184842883548983	-0.0183582295687596	0.00064516	-1.27165354330709	0.97208462315501	-1.00330844929845	-1.02166667886721	5.16185456778115e-12
rs186866900	0.004761	-0.260869565217391	0.893635084113402	-1.09003250424131	0.00026244	0.796296296296296	0.988453292357161	-1.91729438503532	-3.00732688927663	7.08670724234281e-13
rs187124593	0.0625	-0.284	0.390243902439024	-0.231610364820493	0.00278784	-1.23484848484848	0.889607793860362	-0.423598302678297	-0.65520866749879	7.44657309003216e-12
rs187724923	0.49	-1.28571428571429	0.0754716981132076	0.023143861127924	0.00910116	-0.908805031446541	0.711690049462365	-0.327957714073638	-0.304813852945714	1.0571363124484e-11
rs187949	0.0016	-0.55	0.961538461538462	-1.48361557670305	0.00010404	-0.166666666666667	0.9953903731761	-2.67597932096222	-4.15959489766527	2.23882864214099e-13
rs188748281	0.0784	0.357142857142857	0.337837837837838	-0.18457661707242	0.00898704	2.94514767932489	0.714272240785032	2.47140325032733	2.28682663325491	1.41145212937095e-10
rs189130525	0.1521	0.743589743589744	0.208224882873503	-0.059172489989472	0.00978121	0.51567239635996	0.696681524203644	-0.503855889243579	-0.563028379233051	8.16563281604468e-12
rs189465613	0.007396	0.0488372093023256	0.843953076208963	-0.927792816861892	0.000484	0.518181818181818	0.978910782670289	-1.79807185787112	-2.72586467473301	9.39035430254952e-13
rs189807432	0.0576	-0.195833333333333	0.409836065573771	-0.255818713997034	0.00168921	0.335766423357664	0.930068840836028	-1.27769442280425	-1.53351313680129	3.09395271536592e-12
rs189999023	0.0784	0.785714285714286	0.337837837837838	-0.101840820050908	0.00469225	-0.0481751824817518	0.827226355611338	-0.876926544169647	-0.978767364220555	5.38811305963517e-12
rs190356714	0.0841	1.51724137931034	0.32232070910556	0.176454022894494	0.00412164	-0.233644859813084	0.844979776297228	-0.909036158122862	-0.732582135228368	6.89213199859973e-12
rs190776001	0.007056	-0.0809523809523809	0.850051003060184	-0.945944717042414	0.00037636	-0.391752577319588	0.983523678100774	-1.97744475288537	-2.92338946992779	7.70722522047103e-13
rs190784042	0.0529	-0.152173913043478	0.430570505920345	-0.276574814444193	0.00290521	1.13543599257885	0.885492389578536	-0.512762007567603	-0.789336822011796	6.51186426161514e-12
rs190930503	0.002704	-1.46153846153846	0.936680404645935	-0.379361205178055	0.00016384	0.28125	0.992760039191863	-2.42480530777616	-2.80416651295421	8.68312238869871e-13
rs191290372	0.0121	0.518181818181818	0.767754318618042	-0.626903971996081	0.00116964	-0.733918128654971	0.950513960179192	-1.24704190352671	-1.87394587552279	2.20123095882333e-12
rs191536699	0.0361	0.631578947368421	0.525624178712221	-0.268044068553101	0.00180625	-1.08	0.925584100710447	-0.75924218238832	-1.02728625094142	5.13292850616767e-12
rs191542999	0.0729	-0.0481481481481481	0.354295837023915	-0.218296243941167	0.00537289	-0.268758526603001	0.807001375904722	-0.793390792621347	-1.01168703656251	5.21362593016304e-12
rs191573356	0.0121	1.18181818181818	0.767754318618042	-0.193820740448358	0.00344569	-1.29812606473595	0.867022395137993	-0.27826399548669	-0.472084735935047	8.94306051613647e-12
rs191610834	0.1444	-0.315789473684211	0.216919739696312	-0.111444099632345	0.00844561	0.17519042437432	0.726782975704065	-0.637591322408671	-0.749035422041016	6.77966156545724e-12
rs192255835	0.2025	1.06666666666667	0.164948453608247	0.00370643058166424	0.00837225	-0.348633879781421	0.72851188695025	-0.607644760841553	-0.603938330259889	7.83831804200955e-12
rs192346069	0.0256	1.875	0.609756097560976	0.601345218011639	0.00173056	-1.18509615384615	0.928479434697446	-0.666882307539213	-0.0655370895275733	1.34291204455313e-11
rs192826640	0.0049	0.2	0.89086859688196	-1.08978392287817	0.00029241	-0.35672514619883	0.987151628787715	-2.11446019562443	-3.2042441185026	5.82001931600859e-13
rs193221258	0.0025	-0.46	0.941176470588235	-1.31703020143987	0.000169	0.630769230769231	0.992533725280716	-2.25122994301602	-3.56826014445589	4.04421536300221e-13
rs199436	7.744e-05	-0.954545454545454	0.998067740853707	-2.66983449259827	4.41e-06	-6.85714285714286	0.999803742918536	19.2375474785648	16.5677129859665	0.000224789640584928
rs199437	7.744e-05	0.943181818181818	0.998067740853707	-2.68059619925649	5.29e-06	6.73913043478261	0.999764589726956	18.5255034646203	15.8449072653638	0.000109110301785662
rs199438	7.744e-05	0.943181818181818	0.998067740853707	-2.68059619925649	4.41e-06	6.85714285714286	0.999803742918536	19.2375474785648	16.5569512793083	0.000222383490774538
rs199439	8.649e-05	-0.881720430107527	0.997842415237652	-2.68150615235521	4.84e-06	-6.72727272727273	0.99978461086225	18.401693215391	15.7201870630358	9.63164487142488e-05
rs199441	8.649e-05	0.78494623655914	0.997842415237652	-2.76197731487437	5.76e-06	6.29166666666667	0.999743679619524	15.6529202873392	12.8909429724648	5.68820663825814e-06
rs199442	7.744e-05	1.01136363636364	0.998067740853707	-2.6140927185901	4e-06	6.9	0.999821985793687	19.4839387717639	16.8698460531738	0.000304082212699926
rs199443	8.649e-05	0.989247311827957	0.997842415237652	-2.5811335195356	4.84e-06	6.86363636363636	0.99978461086225	19.3281465169855	16.7470129974499	0.000268933744323452
rs199444	7.744e-05	-0.988636363636364	0.998067740853707	-2.63677607633678	5.29e-06	-6.69565217391304	0.999764589726956	18.2335117271669	15.5967356508302	8.51306979937884e-05
rs199445	8.649e-05	0.967741935483871	0.997842415237652	-2.6021310128381	4.84e-06	6.77272727272727	0.99978461086225	18.7084453119056	16.1063142990675	0.000141707680426754
rs199446	7.744e-05	-0.886363636363636	0.998067740853707	-2.73247149183057	5.29e-06	-6.65217391304348	0.999764589726956	17.9434099038719	15.2109384120413	5.78810741737462e-05
rs199447	8.649e-05	0.956989247311828	0.997842415237652	-2.61245670322586	5.76e-06	6.75	0.999743679619524	18.6408694964798	16.028412793254	0.000131087474081039
rs199448	8.649e-05	-0.956989247311828	0.997842415237652	-2.61245670322586	4.84e-06	-6.86363636363636	0.99978461086225	19.3281465169855	16.7156898137596	0.00026064044754268
rs199449	7.744e-05	0.988636363636364	0.998067740853707	-2.63677607633678	4.41e-06	6.90476190476191	0.999803742918536	19.5651475711991	16.9283714948623	0.00032240984380047
rs199450	0.001444	0.368421052631579	0.96515780330084	-1.61296063956644	1e-04	2.52	0.995568577390463	0.451612039102464	-1.16134860046398	4.48892838254657e-12
rs199451	8.649e-05	0.913978494623656	0.997842415237652	-2.6526057563537	5.76e-06	6.75	0.999743679619524	18.6408694964798	15.9882637401261	0.000125928689238262
rs199452	7.744e-05	0.920454545454545	0.998067740853707	-2.70173296442953	4e-06	7	0.999821985793687	20.1788150518906	17.477082087461	0.000558097755242921
rs199453	7.744e-05	0.920454545454545	0.998067740853707	-2.70173296442953	5.29e-06	6.73913043478261	0.999764589726956	18.5255034646203	15.8237705001907	0.000106828265353079
rs199454	7.744e-05	-0.840909090909091	0.998067740853707	-2.77165183702937	4.41e-06	-6.95238095238095	0.999803742918536	19.8950147925021	17.1233629554727	0.000391824879363587
rs199455	7.744e-05	-0.795454545454545	0.998067740853707	-2.80877005879665	4.41e-06	-6.61904761904762	0.999803742918536	17.6335539454245	14.8247838866278	3.93397687542918e-05
rs199456	8.649e-05	0.881720430107527	0.997842415237652	-2.68150615235521	4.84e-06	6.86363636363636	0.99978461086225	19.3281465169855	16.6466403646303	0.000243250654768609
rs199457	8.649e-05	0.881720430107527	0.997842415237652	-2.68150615235521	5.76e-06	6.79166666666667	0.999743679619524	18.922915239428	16.2414090870728	0.000162205027235846
rs199460	1e-04	-0.32	0.997506234413965	-2.94590839445128	6.25e-06	-6.76	0.999721880651558	18.7487151939016	15.8028067994503	0.000104612060657216
rs199461	7.921e-05	0.966292134831461	0.998023663640077	-2.64731766371318	5.29e-06	6.86956521739131	0.999764589726956	19.4128181619299	16.7655004982168	0.000273951900785733
rs199469	8.464e-05	0.760869565217391	0.997888468001708	-2.79132072375522	5.76e-06	7.08333333333333	0.999743679619524	20.9458340911582	18.154513367403	0.00109879061778878
rs199470	8.281e-05	-0.747252747252747	0.997934027080437	-2.81246047974725	5.29e-06	-6.95652173913044	0.999764589726956	20.0138108642611	17.2013503845138	0.000423605430150713
rs199493	0.000144	-2	0.996412913511359	-0.822381657492395	9.61e-06	-1.67741935483871	0.999572427619159	-2.47242717784596	-3.29480883533836	5.31609421605254e-13
rs199494	5.776e-05	-0.684210526315789	0.998558082129405	-3.03715608894416	3.24e-06	4.33333333333333	0.999855803615775	4.96536784098257	1.92821175203841	9.8610165846618e-11
rs199495	5.776e-05	0.289473684210526	0.998558082129405	-3.22905350431182	3.24e-06	4.83333333333333	0.999855803615775	7.25670405760205	4.02765055329023	8.04815581153652e-10
rs199496	0.000196	0.221428571428571	0.995123892924669	-2.63730828710435	1.225e-05	-0.114285714285714	0.999455031580665	-3.75086430230994	-6.38817258941429	2.4108037610806e-14
rs199497	0.000121	-0.109090909090909	0.996984123027841	-2.89599984318747	6.76e-06	-4.84615384615385	0.999699192939403	7.68455054552133	4.78855070233386	1.7224677991871e-09
rs199498	9.025e-05	-1.26315789473684	0.997748829204108	-2.25216443656116	5.29e-06	-7.17391304347826	0.999764589726956	21.5493661178587	19.2972016812976	0.00344491231220222
rs199499	9.801e-05	1.31313131313131	0.997555739050392	-2.14695664965926	6.76e-06	6.19230769230769	0.999699192939403	15.1120493569683	12.965092707309	6.12601682864987e-06
rs199500	7.569e-05	0.781609195402299	0.99811132384745	-2.83106001303907	4e-06	5.7	0.999821985793687	11.9252845591637	9.0942245461246	1.27667837730047e-07
rs199501	7.921e-05	0.662921348314607	0.998023663640077	-2.89395714377572	4e-06	7.25	0.999821985793687	21.9597479640856	19.0657908203098	0.00273323964695836
rs199502	8.649e-05	0.634408602150538	0.997842415237652	-2.86857997317933	5.76e-06	7.45833333333333	0.999743679619524	23.6716977176208	20.8031177444414	0.0155306348247503
rs199504	8.649e-05	-0.817204301075269	0.997842415237652	-2.73619193161554	4.84e-06	-6.86363636363636	0.99978461086225	19.3281465169855	16.5919545853699	0.000230305487360659
rs199505	8.649e-05	0.924731182795699	0.997842415237652	-2.64274154933522	4.84e-06	6.86363636363636	0.99978461086225	19.3281465169855	16.6854049676503	0.000252865320217841
rs199506	8.649e-05	0.956989247311828	0.997842415237652	-2.61245670322586	4.84e-06	6.86363636363636	0.99978461086225	19.3281465169855	16.7156898137596	0.00026064044754268
rs199507	8.649e-05	0.946236559139785	0.997842415237652	-2.6226670227713	4.84e-06	6.86363636363636	0.99978461086225	19.3281465169855	16.7054794942142	0.000257992765130383
rs199508	7.921e-05	0.719101123595506	0.998023663640077	-2.85521301089234	5.29e-06	6.60869565217391	0.999764589726956	17.6551979947351	14.7999849838428	3.83761829705625e-05
rs199509	8.649e-05	-0.946236559139785	0.997842415237652	-2.6226670227713	4.84e-06	-6.86363636363636	0.99978461086225	19.3281465169855	16.7054794942142	0.000257992765130383
rs199511	0.000625	0.8	0.984615384615385	-1.77211671187089	4.624e-05	1.60294117647059	0.997946016914084	-1.81191576653164	-3.58403247840253	3.98092904616082e-13
rs199512	8.649e-05	0.913978494623656	0.997842415237652	-2.6526057563537	5.76e-06	6.70833333333333	0.999743679619524	18.3605594196421	15.7079536632884	9.51453489657008e-05
rs199513	8.649e-05	0.935483870967742	0.997842415237652	-2.63276197147442	4.84e-06	7	0.99978461086225	20.2731908547324	17.6404288832579	0.00065712938455125
rs199514	8.649e-05	-0.946236559139785	0.997842415237652	-2.6226670227713	4.84e-06	-6.86363636363636	0.99978461086225	19.3281465169855	16.7054794942142	0.000257992765130383
rs199515	8.649e-05	-0.956989247311828	0.997842415237652	-2.61245670322586	4.84e-06	-6.81818181818182	0.99978461086225	19.0172630791037	16.4048063758779	0.0001909971342604
rs199516	8.649e-05	-0.967741935483871	0.997842415237652	-2.6021310128381	4.84e-06	-7	0.99978461086225	20.2731908547324	17.6710598418943	0.000677569337085067
rs199517	7.744e-05	0.772727272727273	0.998067740853707	-2.82655587339348	5.29e-06	6.47826086956522	0.999764589726956	16.8019017522744	13.9753458788809	1.68238568058998e-05
rs199518	7.744e-05	0.761363636363636	0.998067740853707	-2.83525545662019	5.29e-06	6.47826086956522	0.999764589726956	16.8019017522744	13.9666462956542	1.66781310591298e-05
rs199519	7.744e-05	-0.715909090909091	0.998067740853707	-2.86876496238232	5.29e-06	-6.43478260869565	0.999764589726956	16.5212494997707	13.6524845373884	1.21817214393157e-05
rs199520	7.744e-05	-0.75	0.998067740853707	-2.84382615713243	4e-06	-6.8	0.999821985793687	18.7990607114953	15.9552345543628	0.000121837306629841
rs199521	7.744e-05	-0.738636363636364	0.998067740853707	-2.85226797493019	5.29e-06	-6.52173913043478	0.999764589726956	17.0844439189363	14.2321759440061	2.17503096059583e-05
rs199522	0.000529	-0.91304347826087	0.986947617755188	-1.75800865933452	3.721e-05	-1.67213114754098	0.998346466706714	-1.80672081627283	-3.56472947560735	4.05851938472406e-13
rs199523	7.744e-05	-0.806818181818182	0.998067740853707	-2.79968382742654	5.29e-06	-6.43478260869565	0.999764589726956	16.5212494997707	13.7215656723441	1.30529964511695e-05
rs199524	7.744e-05	-0.806818181818182	0.998067740853707	-2.79968382742654	4.41e-06	-6.85714285714286	0.999803742918536	19.2375474785648	16.4378636511382	0.00019741649786589
rs199525	8.649e-05	-1.02150537634409	0.997842415237652	-2.54877199826446	5.76e-06	-6.75	0.999743679619524	18.6408694964798	16.0920974982154	0.000139707303725972
rs199526	8.281e-05	0.758241758241758	0.997934027080437	-2.80420562153507	5.76e-06	7.16666666666667	0.999743679619524	21.5394319009323	18.7352262793972	0.0019638818466956
rs199527	7.744e-05	-0.784090909090909	0.998067740853707	-2.8177274074523	5.29e-06	-6.34782608695652	0.999764589726956	15.9656147372381	13.1478873297858	7.35469862707936e-06
rs199528	8.649e-05	1	0.997842415237652	-2.57046171662088	4.84e-06	6.90909090909091	0.99978461086225	19.6410956255508	17.07063390893	0.00037169958362587
rs199529	8.1e-05	-1.22222222222222	0.997979092338016	-2.3567001285677	4.41e-06	-6.61904761904762	0.999803742918536	17.6335539454245	15.2768538168568	6.18248795423415e-05
rs199530	7.744e-05	-0.772727272727273	0.998067740853707	-2.82655587339348	4e-06	-6.65	0.999821985793687	17.7904902833259	14.9639344099324	4.52130814743828e-05
rs199531	7.744e-05	-1.02272727272727	0.998067740853707	-2.60255771564506	5.29e-06	-6.65217391304348	0.999764589726956	17.9434099038719	15.3408521882268	6.59109267898391e-05
rs199532	0.000441	0.857142857142857	0.989095225142801	-1.89593615957328	3.136e-05	1.14285714285714	0.998606065900601	-2.63566172093191	-4.53159788050519	1.54334141919738e-13
rs199533	8.649e-05	0.946236559139785	0.997842415237652	-2.6226670227713	4.84e-06	6.81818181818182	0.99978461086225	19.0172630791037	16.3945960563324	0.000189056914475067
rs199534	8.649e-05	-1.04301075268817	0.997842415237652	-2.52662079653875	4.84e-06	-6.86363636363636	0.99978461086225	19.3281465169855	16.8015257204467	0.000284001002655102
rs199535	8.649e-05	-1.01075268817204	0.997842415237652	-2.55967454286383	4.41e-06	-6.90476190476191	0.999803742918536	19.5651475711991	17.0054730283352	0.000348251554542457
rs199536	7.744e-05	0.909090909090909	0.998067740853707	-2.71210802294435	4.41e-06	6.90476190476191	0.999803742918536	19.5651475711991	16.8530395482547	0.000299014359236128
rs200403	7.744e-05	-0.818181818181818	0.998067740853707	-2.79046871334195	5.29e-06	-6.43478260869565	0.999764589726956	16.5212494997707	13.7307807864287	1.31738372282543e-05
rs2074404	8.1e-05	-1.66666666666667	0.997979092338016	-1.71602219274577	4.41e-06	-6.95238095238095	0.999803742918536	19.8950147925021	18.1789925997563	0.00112602008716414
rs2074405	0.000121	-0.1	0.996984123027841	-2.89694739008126	7.29e-06	1.85185185185185	0.999675616604136	-2.30267078294023	-5.19961817302149	7.91306047523674e-14
rs2316278	0.000484	-0.431818181818182	0.988044659618615	-2.12116977010333	2.304e-05	-1.45833333333333	0.99897550627396	-2.3794997154596	-4.50066948556293	1.59182031498322e-13
rs2942003	8.1e-05	-0.344444444444444	0.997979092338016	-3.0429031600216	5.29e-06	1.52173913043478	0.999764589726956	-3.01951793970355	-6.06242109972515	3.33913466942604e-14
rs34565941	0.000484	0.427272727272727	0.988044659618615	-2.12309890688709	2.601e-05	1.25490196078431	0.9988435953486	-2.59474083801	-4.71783974489709	1.28108574190384e-13
rs34720194	0.000484	0.431818181818182	0.988044659618615	-2.12116977010333	2.601e-05	1.37254901960784	0.9988435953486	-2.44036362719488	-4.56153339729821	1.49782536846979e-13
rs35196985	0.002209	-0.808510638297872	0.947665189888412	-1.16530740256073	0.00012544	1.54464285714286	0.99444748313021	-1.4104151387675	-2.57572254132823	1.09115859707063e-12
rs35732828	0.000121	0.154545454545455	0.996984123027841	-2.89002617798751	7.29e-06	1.81481481481481	0.999675616604136	-2.37054999147508	-5.26057616946259	7.4451039071486e-14
rs35937770	6.561e-05	1.17283950617284	0.998362436014328	-2.52062278200247	4.41e-06	0.952380952380952	0.999803742918536	-3.81461682528032	-6.33523960728279	2.54185259899704e-14
rs372508943	0.008649	1.61290322580645	0.822216283993504	0.205886304979356	0.00056644	1.9453781512605	0.975406985598177	-0.00693443036455377	0.198951874614802	1.74949887147379e-11
rs375507254	0.0196	1.78571428571429	0.671140939597315	0.513995892124222	0.00103684	1.54658385093168	0.955884699496151	-0.417273669528119	0.0967222225961024	1.57948640765587e-11
rs376778510	0.4096	1.203125	0.0889679715302491	0.0178023913818496	0.00073441	-1.00738007380074	0.968345115275266	-1.23508601655473	-1.21728362517288	4.24473325772603e-12
rs3809857	6.724e-05	1.13414634146341	0.998321821018867	-2.55295835537958	4e-06	0.9	0.999821985793687	-3.91189569580834	-6.46485405118791	2.23284987619242e-14
rs3874943	6.241e-05	0.291139240506329	0.998442180587738	-3.18991911742025	4.41e-06	8.04761904761905	0.999803742918536	28.1076883950472	24.917769277627	0.950954338149755
rs4141293	0.001225	-0.6	0.970285021224985	-1.58340070840399	5.184e-05	2.68055555555556	0.997697837305455	0.547464940582535	-1.03593576782146	5.08872260983465e-12
rs415430	8.649e-05	-0.935483870967742	0.997842415237652	-2.63276197147442	4.84e-06	-7	0.99978461086225	20.2731908547324	17.6404288832579	0.00065712938455125
rs4246416	0.000529	0.38695652173913	0.986947617755188	-2.09550183384081	2.601e-05	1.72549019607843	0.9988435953486	-1.89428304565481	-3.98978487949562	2.65319034496276e-13
rs430685	8.649e-05	0.935483870967742	0.997842415237652	-2.63276197147442	5.76e-06	6.75	0.999743679619524	18.6408694964798	16.0081075250054	0.000128452549710722
rs4968239	0.001225	-0.371428571428571	0.970285021224985	-1.69112214749509	5.329e-05	1.87671232876712	0.997633596631631	-1.26633473332741	-2.9574568808225	7.44908211171532e-13
rs528148841	0.2704	0.980769230769231	0.128865979381443	-0.00700109552221053	0.01203409	0.699179580674567	0.651187887502598	-0.367443652074492	-0.374444747596703	9.86031246772956e-12
rs528283279	0.004624	-0.514705882352941	0.896378630333453	-1.01477057487015	0.00030276	-0.298850574712644	0.986702901366172	-2.11604266770529	-3.13081324257544	6.26347070107357e-13
rs528872529	0.0576	1.375	0.409836065573771	0.123745692879105	0.006724	-0.841463414634146	0.76964806080394	-0.461594720637908	-0.337849027758803	1.0227841681609e-11
rs529371162	0.1089	-0.484848484848485	0.268636668905306	-0.124847162295286	0.00594441	-0.591439688715953	0.790767342994122	-0.643848661104413	-0.768695823399699	6.64767242916938e-12
rs530206326	0.0169	0.846153846153846	0.70298769771529	-0.355329583200593	0.00094249	0.791530944625407	0.959737458540688	-1.30551891777609	-1.66084850097669	2.724034641013e-12
rs531608597	0.0441	0.0523809523809524	0.475624256837099	-0.322120891865349	0.00425104	0.746932515337423	0.84088726061327	-0.684502196022411	-1.00662308788776	5.2400944252709e-12
rs531991139	0.0289	-0.494117647058824	0.58055152394775	-0.363535811295331	0.00140625	1.83733333333333	0.941092979410047	0.172570411925312	-0.190965399370019	1.18460823172329e-11
rs532087960	0.2809	-1.37735849056604	0.124649423496416	0.0516718264988671	0.01734489	2.58466211085801	0.564319231952539	1.46953842756038	1.52121025405925	6.56391856742644e-11
rs532120384	0.04	-0.355	0.5	-0.315067340279973	0.00498436	0.382436260623229	0.818423554374423	-0.793188974148835	-1.10825631442881	4.73369599525274e-12
rs533293396	0.1369	2.97297297297297	0.226116449971735	0.871105908755712	0.00751689	1.54325259515571	0.749294990282822	0.200532033476918	1.07163794223263	4.18712966648836e-11
rs534184960	0.0676	-0.326923076923077	0.371747211895911	-0.212540403301306	0.00041209	-0.576354679802956	0.981987661690309	-1.84524850041495	-2.05778890371625	1.83157032947635e-12
rs534237749	0.0169	-1.07692307692308	0.70298769771529	-0.199341188737141	0.00664225	-1.62331288343558	0.771809594960051	0.278127544191405	0.0787863554542644	1.55140949387379e-11
rs534569210	0.0289	1.64705882352941	0.58055152394775	0.353053599163636	0.00257049	0.122287968441815	0.897330735546647	-1.13141174324206	-0.778358144078428	6.58374980416193e-12
rs535872415	0.0225	0.733333333333333	0.64	-0.338736734877102	0.00185761	1.08584686774942	0.923629712721704	-0.741571780171791	-1.08030851504889	4.86785842102049e-12
rs536219804	0.04	-0.4	0.5	-0.306573590279973	0.00205209	-0.150110375275938	0.916303422168686	-1.22995500455654	-1.53652859483652	3.08463708329745e-12
rs536338688	0.0225	-1.73333333333333	0.64	0.450596598456232	0.00099856	-0.509493670886076	0.957444118646813	-1.45420011404884	-1.00360351559261	5.25594118239515e-12
rs536609266	0.005625	-0.36	0.876712328767123	-0.989806473001977	0.00036481	-0.963350785340314	0.984021235585133	-1.61163946746808	-2.60144594047006	1.06344821946688e-12
rs536863250	0.0441	1.57142857142857	0.475624256837099	0.264476965668469	0.00251001	0.778443113772455	0.89950363302659	-0.876279086867569	-0.6118021211991	7.77692087126534e-12
rs537780290	0.1156	-0.558823529411765	0.25706940874036	-0.108437029934984	0.00535824	-0.983606557377049	0.80742627593964	-0.433052970706275	-0.541490000641259	8.3434150043819e-12
rs538244518	0.1369	0.513513513513513	0.226116449971735	-0.0983539182049171	0.00795664	0.634529147982063	0.738464200863425	-0.521929151448705	-0.620283069653622	7.71124410053267e-12
rs538373013	0.0289	-0.647058823529412	0.58055152394775	-0.312873148894077	0.00175561	1.12171837708831	0.927519205475396	-0.728690325507161	-1.04156347440124	5.0601652038417e-12
rs538376638	0.0961	2.03225806451613	0.293901542983101	0.432917093429927	0.00550564	-0.551212938005391	0.803171461552628	-0.690695063385677	-0.25777796995575	1.10804759502186e-11
rs538628	8.649e-05	0.913978494623656	0.997842415237652	-2.6526057563537	4.84e-06	6.68181818181818	0.99978461086225	18.0970067895601	15.4444010332064	7.31018066621134e-05
rs538736209	0.01	1.6	0.8	0.21928104378295	0.00063001	-0.50597609561753	0.972722266089545	-1.6763280649662	-1.45704702118325	3.33981556353355e-12
rs538737290	0.0256	-0.8125	0.609756097560976	-0.269224522842019	0.00178929	-0.101654846335697	0.92623129275741	-1.29862462744094	-1.56784915028296	2.98952184294059e-12
rs539005752	0.0441	0.761904761904762	0.475624256837099	-0.184723721344347	0.00226576	-0.859243697478992	0.90838705762628	-0.859760402053421	-1.04448412339777	5.04540779850764e-12
rs539676773	0.0441	-1.28571428571429	0.475624256837099	0.0703446159390408	0.00297025	0.278899082568807	0.88322821303274	-1.03941607383014	-0.969071457891099	5.44060978957185e-12
rs539690175	0.0256	0.525	0.609756097560976	-0.386459660037141	0.0016	-0.7925	0.933516486425625	-1.06225020722689	-1.44870986726403	3.36777651536885e-12
rs540717166	0.1296	0.944444444444445	0.235849056603774	-0.0293092021912794	0.00358801	0.245409015025042	0.862286307514187	-0.965323372050643	-0.994632574241923	5.30330404959922e-12
rs541280475	0.007225	0.505882352941176	0.847008999470619	-0.830306107686153	0.00099856	-0.566455696202532	0.957444118646813	-1.4248600743611	-2.25516618204725	1.50350105343444e-12
rs541477937	0.4489	-1.26865671641791	0.0818163223563101	0.023162358877355	0.00725904	1.89906103286385	0.755794727688188	0.657988386772978	0.681150745650333	2.83354409577155e-11
rs541969428	0.006084	0.461538461538462	0.867980210051211	-0.919954125552565	0.00037249	0.704663212435233	0.983690336105572	-1.8137728972513	-2.73372702280387	9.31681354885146e-13
rs542008003	0.0441	1	0.475624256837099	-0.0849612638445017	0.00208849	-0.179431072210066	0.914945084611136	-1.21750052218967	-1.30246178603417	3.89814508247368e-12
rs543048162	0.0361	0.842105263157895	0.525624178712221	-0.1865067998332	0.00173889	0.676258992805755	0.928159904371793	-1.10442032913665	-1.29092712896985	3.94336916994239e-12
rs543144382	0.0324	0.944444444444445	0.552486187845304	-0.155621919334822	0.00199809	0.0559284116331096	0.918325984571446	-1.25107343218189	-1.40669535151671	3.51228651663822e-12
rs544627176	0.0441	-1.19047619047619	0.475624256837099	0.0142619371283171	0.00190096	1.60321100917431	0.921986538677967	-0.0905526088750139	-0.0762906717466968	1.32854829874752e-11
rs544777851	0.0676	1.73076923076923	0.371747211895911	0.32438960263785	0.00301401	0.260473588342441	0.881711341983663	-1.03740318370302	-0.713013581065168	7.02832930295525e-12
rs545185725	0.0121	0.263636363636364	0.767754318618042	-0.703298699237083	0.000625	-2.28	0.972933314286334	0.724122462105045	0.0208237628679629	1.46404225235684e-11
rs546265659	0.1764	0.785714285714286	0.184842883548983	-0.0451311075431163	0.00931225	-1.85077720207254	0.706962599065161	0.597078933908184	0.551947826365067	2.49010614857862e-11
rs546302379	0.1024	0.3125	0.280898876404494	-0.151160877736796	0.00579121	-0.555847568988173	0.795054569383041	-0.66968314195943	-0.820844019696225	6.30989216238336e-12
rs546475746	0.003844	0.467741935483871	0.912325517744731	-1.11726175702291	0.00018225	2.13333333333333	0.991953062136132	-0.15398752335564	-1.27124928037855	4.02173469518465e-12
rs546690003	0.0324	-0.161111111111111	0.552486187845304	-0.394853554284689	0.00020736	-0.270833333333333	0.990854512422791	-2.31090740785987	-2.70576096214456	9.5810456663067e-13
rs547431336	0.2025	-1.55555555555556	0.164948453608247	0.109436352943889	0.00573049	-0.862615587846764	0.796766680129964	-0.50026100532816	-0.390824652384271	9.70011706277608e-12
rs548501702	0.3721	0.108196721311475	0.0970638194612958	-0.0504835612144885	0.00600625	-1.58064516129032	0.789049851332448	0.207629792601689	0.157146231387201	1.67786767225887e-11
rs548542099	0.09	0.32	0.307692307692308	-0.168108543908813	0.00343396	0.0290102389078498	0.867415064734727	-1.0099009033857	-1.17800944729452	4.41475861558112e-12
rs550495781	0.0256	-0.875	0.609756097560976	-0.237069416134702	0.00081796	-0.346153846153846	0.96487041300424	-1.61654919921942	-1.85361861535412	2.24643382192887e-12
rs550620970	0.1764	1.14285714285714	0.184842883548983	0.018526518168906	0.00835396	-1.83916849015317	0.728944218203608	0.580126434672572	0.598652952841478	2.60916557197886e-11
rs550758209	0.2809	-1.49056603773585	0.124649423496416	0.0719068343715498	0.005625	0.94	0.799758761855241	-0.450782803299308	-0.378875968927758	9.8167159051382e-12
rs552885250	0.0144	0.3	0.735294117647059	-0.631479738345853	0.00107584	1.04573170731707	0.95430116488739	-1.02105092412808	-1.65253066247394	2.74678721617504e-12
rs553295235	0.1369	0.297297297297297	0.226116449971735	-0.118174206003754	0.00597529	-0.932729624838292	0.789908774507635	-0.436502501672273	-0.554676707676027	8.23411507197902e-12
rs553870828	0.0324	0.555555555555556	0.552486187845304	-0.316763724123035	0.00146689	-2.63446475195822	0.938708495134656	1.86145133137204	1.544687607249	6.71984521241642e-11
rs554795587	0.0289	1.82352941176471	0.58055152394775	0.530834948192619	0.00150544	0.0695876288659794	0.93719890554661	-1.38162222518942	-0.850787276996806	6.12375413463961e-12
rs555178641	0.003249	-0.771929824561403	0.924876875765914	-1.018757620888	0.00020164	-1.54929577464789	0.991104545448652	-1.17162468712546	-2.19038230801347	1.6041279861653e-12
rs556192068	0.04	-0.32	0.5	-0.320973590279973	0.002601	0.505882352941176	0.896238565234102	-1.01814913337483	-1.3391227236548	3.75782330863896e-12
rs556603118	0.1296	-0.666666666666667	0.235849056603774	-0.082084068252309	0.00638401	0.545682102628285	0.778718129937775	-0.638219937269894	-0.720304005522203	6.9772761249059e-12
rs556858358	0.1764	-1.5952380952381	0.184842883548983	0.133005458235383	0.00253009	1.16500994035785	0.898781042069978	-0.535300145869218	-0.402294687633835	9.58949202750043e-12
rs557823235	0.0625	-0.4	0.390243902439024	-0.216128608722932	0.00294849	-0.703499079189687	0.883984433504709	-0.85826866163758	-1.07439727036051	4.89671873941913e-12
rs559076421	0.004624	0.323529411764706	0.896378630333453	-1.08659330033264	0.00019881	2.14893617021277	0.991228297265451	-0.0794023766428795	-1.16599567697552	4.46811638382673e-12
rs559896826	0.0225	0.213333333333333	0.64	-0.496262068210435	0.00342225	3.23076923076923	0.867807419745143	3.51728269999729	3.02102063178686	2.94118644288471e-10
rs560723563	0.0225	0.733333333333333	0.64	-0.338736734877102	0.00328329	-0.591623036649215	0.872490654593721	-0.877089172530393	-1.21582590740749	4.25092539290136e-12
rs560994736	0.04	-1	0.5	-0.0965735902799726	0.00186624	-0.300925925925926	0.92330212733814	-1.24213518907691	-1.33870877935688	3.7593791601659e-12
rs561136336	0.01	1.4	0.8	-0.02071895621705	0.00075625	-1.26909090909091	0.967434413212025	-0.933178648787945	-0.953897605004995	5.52379432098248e-12
rs561793636	0.0484	0.681818181818182	0.452488687782805	-0.196010504870494	0.00287296	-0.291044776119403	0.886619389186273	-1.05095097973801	-1.24696148460851	4.12060963279347e-12
rs562040088	0.006561	-0.308641975308642	0.859088078005198	-0.938891816394721	0.00038809	-1.99492385786802	0.983018881199813	-0.0817560653762992	-1.02064788177102	5.16711613000281e-12
rs562258322	0.0225	-0.426666666666667	0.64	-0.452571401543769	0.00114921	1.20353982300885	0.951336265134253	-0.822401449536644	-1.27497285108041	4.00678732776309e-12
rs562376012	0.009409	-0.247422680412371	0.809569106842883	-0.804452864083132	0.00065025	1.40392156862745	0.971870579538892	-0.827693228382706	-1.63214609246584	2.80335387726027e-12
rs562948558	0.1444	-1.34210526315789	0.216919739696312	0.0731029226785416	0.00051984	-0.780701754385965	0.97738445236244	-1.59670324987962	-1.52360032720108	3.12477499484693e-12
rs563182719	0.005625	1.6	0.876712328767123	0.075574348915832	0.00027556	1.56626506024096	0.987883039453862	-0.994844015875499	-0.919269666959667	5.71842226295011e-12
rs563208332	0.1089	0.818181818181818	0.268636668905306	-0.066506875613831	0.00330625	0.796521739130435	0.871713373033999	-0.750216207379795	-0.816723082993626	6.33594847992813e-12
rs563573106	0.09	-0.5	0.307692307692308	-0.14540085160112	0.00755161	-0.532796317606444	0.748428318323467	-0.583784766346536	-0.729185617947656	6.91558104403496e-12
rs563799082	0.0256	-0.875	0.609756097560976	-0.237069416134702	0.00074529	-0.706959706959707	0.967891217975324	-1.47744069446829	-1.71451011060299	2.58171135659287e-12
rs563943119	0.009604	1.3265306122449	0.80638658172728	-0.111453331419236	0.00057121	-1.21757322175732	0.975205022437665	-1.12569389239508	-1.23714722381431	4.16124946913609e-12
rs564387199	0.0324	-0.0777777777777778	0.552486187845304	-0.40035283809889	0.001521	0.212820512820513	0.936590961910911	-1.35786412937549	-1.75821696747438	2.47130323913516e-12
rs565712268	0.0324	-0.338888888888889	0.552486187845304	-0.370298612602675	0.001849	0.772093023255814	0.923956770654697	-1.01282856362799	-1.38312717623066	3.59604787497491e-12
rs566769374	0.0625	0.336	0.390243902439024	-0.225319633113176	0.004096	-0.15	0.845795422191102	-0.925222366908817	-1.15054200002199	4.53770149912763e-12
rs566879660	0.0196	2.07142857142857	0.671140939597315	0.883808246596212	0.00142129	-0.925729442970822	0.940500448016616	-1.007900561611	-0.124092315014792	1.26653547222319e-11
rs568039055	0.000121	-0.345454545454545	0.996984123027841	-2.842442844843	7.84e-06	2.10714285714286	0.999651151771569	-1.76118574471453	-4.60362858955753	1.43608277193012e-13
rs56857849	0.0324	-0.666666666666667	0.552486187845304	-0.279249229886626	0.00030276	-0.85632183908046	0.986702901366172	-1.79833645704443	-2.07758568693106	1.79566767975852e-12
rs568602551	0.1225	0.285714285714286	0.246153846153846	-0.131236390131124	0.00894916	0.845665961945032	0.715133497959096	-0.372153121967187	-0.503389512098311	8.66743668824227e-12
rs569023424	0.0361	1.89473684210526	0.525624178712221	0.570624981137312	0.00170569	1.26392251815981	0.929434732899788	-0.583222557273616	-0.0125975761363039	1.41592062373768e-11
rs569173201	0.0576	-0.204166666666667	0.409836065573771	-0.255135653887745	0.00277729	-1.01328273244782	0.889979588456714	-0.646655020487767	-0.901790674375511	5.81925316749239e-12
rs569304132	0.3025	-1.27272727272727	0.116788321167883	0.0324936981029242	0.00092416	-0.763157894736842	0.960489565401112	-1.33589588686083	-1.30340218875791	3.89448097935691e-12
rs571147002	0.0676	-0.884615384615385	0.371747211895911	-0.0869519868564415	0.00442225	0.664661654135338	0.83553296337393	-0.717963721781886	-0.804915708638328	6.41120279919559e-12
rs571605771	0.006561	-0.493827160493827	0.859088078005198	-0.875059254585922	0.00085849	-0.324232081911263	0.963193806052238	-1.60041599773997	-2.47547525232589	1.20621499531539e-12
rs571928085	0.004225	0.338461538461538	0.904465799886942	-1.1223294011988	0.00028224	0.357142857142857	0.987592949986106	-2.13176096495397	-3.25409036615277	5.53702488969411e-13
rs575144394	0.0361	0.631578947368421	0.525624178712221	-0.268044068553101	0.00234256	-0.995867768595041	0.905574971890587	-0.730921384241112	-0.998965452794213	5.28037518708663e-12
rs576791877	0.005329	2.87671232876712	0.882437291799951	2.58090165366108	0.00033124	1.68681318681319	0.985470245364328	-0.713780017318533	1.86712163634255	9.27663756234908e-11
rs576827993	0.0225	-0.866666666666667	0.64	-0.270470068210435	0.00046656	-0.0555555555555555	0.979655231485914	-1.94595392418015	-2.21642399239059	1.56289303556373e-12
rs57685539	0.000841	-0.655172413793103	0.979407947895497	-1.7312191813692	4.096e-05	0.296875	0.998180127946207	-3.11050735442511	-4.84172653579431	1.13181344317204e-13
rs57721397	0.0121	-0.445454545454545	0.767754318618042	-0.653807098532779	0.00013924	-0.338983050847458	0.993840398030178	-2.48777070344386	-3.14157780197664	6.19640879217456e-13
rs577615602	0.1444	0.631578947368421	0.216919739696312	-0.0789962715337273	0.01115136	2.125	0.668286823514811	0.957124038859816	0.878127767326088	3.45045215018399e-11
rs577916904	0.0441	1.23809523809524	0.475624256837099	0.0417640200066527	0.00255025	0.277227722772277	0.898056739217162	-1.10715927388825	-1.0653952538816	4.94099808488361e-12
rs578214467	0.0256	-0.8125	0.609756097560976	-0.269224522842019	0.00151321	1.13110539845758	0.936895225815718	-0.782147820456909	-1.05137234329893	5.01077334192036e-12
rs59871056	0.0225	-0.066	0.64	-0.509431703765991	0.00046225	-0.693023255813954	0.979839383898195	-1.71671290405148	-2.22614460781747	1.54777435390403e-12
rs60458827	0.0289	0.0764705882352941	0.58055152394775	-0.432709831112427	0.00020449	-0.216783216783217	0.990979950285188	-2.33086718356363	-2.76357701467606	9.04281648962117e-13
rs60837808	0.0361	-0.410526315789474	0.525624178712221	-0.328585490577628	0.00030625	-0.942857142857143	0.986551683306023	-1.71593851043976	-2.04452400101739	1.8560277859512e-12
rs62072114	0.000625	-0.48	0.984615384615385	-1.97376594264012	4.489e-05	-1.86567164179104	0.99800586439836	-1.37187748944779	-3.34564343208792	5.05260659249775e-13
rs62074125	7.744e-05	0.852272727272727	0.998067740853707	-2.76205007480137	5.29e-06	7.34782608695652	0.999764589726956	22.8118287755857	20.0497787007844	0.00731169755147593
rs6503809	0.000484	0.368181818181818	0.988044659618615	-2.14631999780272	2.304e-05	1.52083333333333	0.99897550627396	-2.28649613642498	-4.4328161342277	1.70357939652664e-13
rs67143796	0.001225	0.628571428571428	0.970285021224985	-1.56637121619474	5.184e-05	-2.61111111111111	0.997697837305455	0.364149510406329	-1.20222170578841	4.3091509974434e-12
rs67474242	0.001225	0.6	0.970285021224985	-1.58340070840399	5.184e-05	-2.625	0.997697837305455	0.400427682152487	-1.1829730262515	4.39289990620952e-12
rs70600	8.649e-05	1	0.997842415237652	-2.57046171662088	5.76e-06	6.875	0.999743679619524	19.4922137236558	16.921752007035	0.000320282703819805
rs70602	8.649e-05	0.946236559139785	0.997842415237652	-2.6226670227713	4.84e-06	6.86363636363636	0.99978461086225	19.3281465169855	16.7054794942142	0.000257992765130383
rs7216231	0.000484	-0.00909090909090909	0.988044659618615	-2.21324777500436	1.936e-05	1	0.999138999799272	-3.02913841030168	-5.24238618530604	7.58176943288513e-14
rs7218567	6.4e-05	-0.525	0.998402555910543	-3.0820828333136	3.61e-06	-5.73684210526316	0.999839339390315	12.0849266748179	9.00284384150434	1.16518629334269e-07
rs7224296	7.225e-05	-0.964705882352941	0.998197006656726	-2.69466377825871	3.61e-06	-7.15789473684211	0.999839339390315	21.2455045557971	18.5508407775384	0.00163319390209481
rs7226263	0.000484	-0.05	0.988044659618615	-2.21205354747156	1.849e-05	0.86046511627907	0.999177659622825	-3.18178240456113	-5.39383595203268	6.51623555351221e-14
rs72628337	0.001296	-0.361111111111111	0.968616815187912	-1.66758710826122	7.225e-05	2.57647058823529	0.996794355119711	0.437039489913835	-1.23054761834739	4.18880289474407e-12
rs72628338	0.001296	0.444444444444444	0.968616815187912	-1.63507566423292	6.889e-05	-3	0.99694297850685	1.59108630063087	-0.0439893636020543	1.37216275663376e-11
rs72836339	0.002304	1.35416666666667	0.94553706505295	-0.588169946390342	0.00016129	1.4251968503937	0.992871918477337	-1.46350277469275	-2.0516727210831	1.8428068754729e-12
rs731543	0.000841	-0.793103448275862	0.979407947895497	-1.63339484412399	3.364e-05	-0.362068965517241	0.99850487272527	-3.1873230042465	-4.82071784837049	1.15584288776051e-13
rs73304547	0.0576	-0.3375	0.409836065573771	-0.240336018186469	0.00062001	0.827309236947791	0.973143611028169	-1.4755962822656	-1.71593230045207	2.5780422825866e-12
rs73321072	0.04	-0.55	0.5	-0.270948590279973	0.00043264	-1.22115384615385	0.981106397844277	-1.25294483194329	-1.52389342222326	3.1238592730538e-12
rs73321083	0.0784	-0.857142857142857	0.337837837837838	-0.0820187020145046	0.00065025	-0.847058823529412	0.971870579538892	-1.43680685542658	-1.51882555744109	3.13973075273539e-12
rs73987013	0.0289	0.0282352941176471	0.58055152394775	-0.434175874372555	0.00020449	-0.447552447552448	0.990979950285188	-2.25490449237717	-2.68908036674972	9.74220358078087e-13
rs73987036	9e-04	0.633333333333333	0.97799511002445	-1.71210293673172	4.761e-05	0.0434782608695652	0.997885290138015	-3.07847564769073	-4.79057858442245	1.19120942520734e-13
rs74736480	0.0196	-0.714285714285714	0.671140939597315	-0.384853580550754	0.00057121	-0.263598326359833	0.975205022437665	-1.81467647122763	-2.19953005177839	1.58952074788068e-12
rs75460388	0.0144	-0.741666666666667	0.735294117647059	-0.462336560241278	0.00038025	0.184615384615385	0.983356215713921	-2.03110143780549	-2.49343799804677	1.18474150091345e-12
rs75487918	0.04	1.25	0.5	0.0440514097200274	0.00170569	0.186440677966102	0.929434732899788	-1.30945497708056	-1.26540356736054	4.04531345222566e-12
rs757190	0.001369	-0.432432432432432	0.966907587807295	-1.613820830856	7.744e-05	3.48863636363636	0.996564872134432	3.22753751844114	1.61371668758514	7.20009485858946e-11
rs75951006	0.0361	0.0947368421052631	0.525624178712221	-0.370518943062148	0.00039601	-0.0753768844221105	0.982678339411101	-2.02510712241108	-2.39562606547323	1.30648005603315e-12
rs76076573	9e-04	-0.833333333333333	0.97799511002445	-1.56866365392814	6.561e-05	-0.0740740740740741	0.997088105997742	-2.91674027932712	-4.48540393325526	1.61630675526461e-13
rs76289190	0.0361	-0.631578947368421	0.525624178712221	-0.268044068553101	0.00030976	-0.914772727272727	0.986399645408841	-1.73611558610133	-2.00415965465443	1.93247767978163e-12
rs76347593	4e-04	-0.175	0.99009900990099	-2.29239936733153	2.304e-05	-1.0625	0.99897550627396	-2.87790351079897	-5.1703028781305	8.14846783607533e-14
rs76624041	0.001089	-0.666666666666667	0.973496556255932	-1.5989077328565	7.396e-05	-0.476744186046512	0.996718733445227	-2.74649327508737	-4.34540100794387	1.85920075023e-13
rs76628087	0.0225	-0.666666666666667	0.64	-0.368603401543769	0.00051984	-0.478070175438596	0.97738445236244	-1.78286768807342	-2.15147108961719	1.66777685753473e-12
rs77162940	0.001296	-0.263888888888889	0.968616815187912	-1.69701557052822	7.225e-05	2.4	0.996794355119711	-0.000653256330771068	-1.69766882685899	2.62555887800559e-12
rs77266163	0.000784	-2.57142857142857	0.980776775205963	1.2667500608135	5.184e-05	-4.13888888888889	0.997697837305455	5.50852898401258	6.77527904482608	1.25596132955117e-08
rs77600051	0.003844	-1.7741935483871	0.912325517744731	0.218829944887593	0.00020736	3.375	0.990854512422791	3.29597874913325	3.51480869402084	4.81916710906061e-10
rs77897081	0.009801	-0.202020202020202	0.80319672295737	-0.796385224034266	0.000484	1.26363636363636	0.978910782670289	-1.14794565542993	-1.9443308794642	2.05162410675151e-12
rs78354852	0.002116	-1	0.949757811758002	-1.02057119512023	0.00016129	-1.14173228346457	0.992871918477337	-1.82472618703233	-2.84529738215256	8.33322317397489e-13
rs78947085	9e-04	-1.06666666666667	0.97799511002445	-1.35187473787272	6.561e-05	-0.0740740740740741	0.997088105997742	-2.91674027932712	-4.26861501719984	2.0075853508849e-13
rs79060592	0.0196	-0.514285714285714	0.671140939597315	-0.467308038844139	0.00058081	-0.315352697095436	0.974798809135792	-1.79196144824093	-2.25926948708507	1.49734437000099e-12
rs79314128	0.000576	-0.75	0.985804416403785	-1.85015469643694	3.136e-05	-3.625	0.998606065900601	3.27334129625064	1.42318659981371	5.95102880472574e-11
rs79684870	0.0289	-0.341176470588235	0.58055152394775	-0.400618790991094	0.000529	-0.482608695652174	0.976995115718542	-1.77224783327054	-2.17286662426164	1.63247290026478e-12
rs80157885	0.000961	-0.838709677419355	0.976538658724152	-1.53273542242157	6.724e-05	-0.0487804878048781	0.997015979433093	-2.90605563443163	-4.4387910568532	1.69343098961028e-13
rs8065602	0.000484	-0.309090909090909	0.988044659618615	-2.16609109806802	2.304e-05	-1.54166666666667	0.99897550627396	-2.25462777717536	-4.42071887524337	1.72431319590275e-13
rs8073428	0.001089	-0.606060606060606	0.973496556255932	-1.63645305458537	4.096e-05	-0.40625	0.998180127946207	-3.07212518397796	-4.70857823856334	1.29300563851274e-13
rs916888	7.921e-05	-1.1123595505618	0.998023663640077	-2.49580605463261	4.41e-06	-7.0952380952381	0.999803742918536	20.8982192284238	18.4024131737912	0.00140791507940304
rs929254	4e-04	1.5	0.99009900990099	-1.19369887228202	2.025e-05	0.2	0.999099454339594	-3.48627285542295	-4.67997172770497	1.33052815368011e-13
rs9670921	0.0169	-1.07692307692308	0.70298769771529	-0.199341188737141	0.00019321	0.0215827338129496	0.991473268288843	-2.38204365032168	-2.58138483905882	1.08499759140789e-12
rs9889297	0.002601	0.372549019607843	0.938945095185559	-1.33283147409249	0.00015625	2.536	0.993093118784237	0.705819357890746	-0.627012116201746	7.65952897192861e-12
rs9895396	0.2704	2.11538461538462	0.128865979381443	0.219348375288501	0.00059536	0.586065573770492	0.974183786827235	-1.66107343930369	-1.44172506401519	3.39138211598131e-12
rs9896243	8.649e-05	-0.967741935483871	0.997842415237652	-2.6021310128381	5.29e-06	-6.39130434782609	0.999764589726956	16.2424871614253	13.6403561485872	1.20348691265382e-05
rs9902077	0.000484	-0.231818181818182	0.988044659618615	-2.18674000660529	2.209e-05	-1.17021276595745	0.999017707359234	-2.77878426051903	-4.96552426712432	1.00002343229248e-13
rs9905434	0.000169	1.38461538461538	0.995792775523413	-1.78092913804442	1.024e-05	0.8125	0.999544410150125	-3.5170310578573	-5.29796019590172	7.17191422691937e-14
rs9909662	0.000169	1.30769230769231	0.995792775523413	-1.88404377456312	1.024e-05	1.03125	0.999544410150125	-3.31546277592761	-5.19950655049073	7.91394380037162e-14
rs9912530	7.225e-05	0.964705882352941	0.998197006656726	-2.69466377825871	4.84e-06	6.77272727272727	0.99978461086225	18.7084453119056	16.0137815336469	0.000129183462228833
