snp	V.df1	z.df1	r.df1	lABF.df1	V.df2	z.df2	r.df2	lABF.df2	internal.sum.lABF	SNP.PP.H4
rs1109442	5.625e-05	-1.17333333333333	0.998595724762053	-2.59672806219003	4e-06	-4.65	0.999817164744396	6.50581079575039	3.90908273356037	0.00318520831463175
rs111942332	0.000484	2.09090909090909	0.988044659618615	-0.0534719713198522	3.136e-05	-0.928571428571428	0.998568361992746	-2.84396277761942	-2.89743474893927	3.52455958585557e-06
rs112040823	0.004356	-0.833333333333333	0.901794571196681	-0.847223776011281	0.00022201	-0.899328859060403	0.989952311228599	-1.89987337073201	-2.74709714674329	4.0963367162399e-06
rs112194209	0.1089	0.112121212121212	0.268636668905306	-0.154733916768401	0.00135424	0.627717391304348	0.941697595988905	-1.23552783654481	-1.39026175331321	1.59096920100751e-05
rs112247194	0.003969	1.74603174603175	0.909731856535286	0.184231152597371	0.00027225	-0.2	0.987706510674276	-2.17958860971481	-1.99535745711744	8.68704451942361e-06
rs112379477	0.0441	1.66666666666667	0.475624256837099	0.33781585334403	0.00788544	1.21509009009009	0.735023876605996	-0.121447009307216	0.216368844036814	7.93254556268609e-05
rs11263770	5.625e-05	1.22666666666667	0.998595724762053	-2.53281793580525	3.24e-06	5.22222222222222	0.9998518982981	9.22497731098438	6.69215937517912	0.0515006450797689
rs113088531	0.001521	0.923076923076923	0.963367934298307	-1.24298671261148	9.025e-05	0.242105263157895	0.99589097888944	-2.71809817155379	-3.96108488416528	1.21665507690539e-06
rs113133531	0.04	1.65	0.5	0.334051409720027	0.00982081	1.34106962663976	0.690140809766195	0.0347793375439339	0.368830747263961	9.23902066578433e-05
rs113308217	0.000841	-1.13793103448276	0.979407947895497	-1.30731371997328	5.184e-05	-0.0972222222222222	0.997635625288385	-3.01890593625164	-4.32621965622493	8.44484059135683e-07
rs113393752	0.0529	0.478260869565217	0.430570505920345	-0.232317212819583	0.00037249	-2.2279792746114	0.98325594801021	0.395531899703768	0.163214686884185	7.52190801445327e-05
rs113435750	0.000169	-1.38461538461538	0.995792775523413	-1.78092913804442	1.156e-05	-0.176470588235294	0.9994717886393	-3.75744431548926	-5.53837345353369	2.51281057246007e-07
rs113500513	0.003969	1.74603174603175	0.909731856535286	0.184231152597371	0.00027225	-0.242424242424242	0.987706510674276	-2.17031922446312	-1.98608807186575	8.76794243952807e-06
rs113601776	0.0484	0.909090909090909	0.452488687782805	-0.114207281356041	0.00036481	-2.01047120418848	0.983595513624113	-0.0672564011418904	-0.181463682497931	5.32888200876458e-05
rs113877493	0.000169	-0.361538461538462	0.995792775523413	-2.6703959926547	1.156e-05	0.176470588235294	0.9994717886393	-3.75744431548926	-6.42784030814397	1.03245041662954e-07
rs114076172	0.003364	0.327586206896552	0.922424130615257	-1.22875550825914	0.00018769	-0.554744525547445	0.991492345133321	-2.23083280897801	-3.45958831723715	2.00892935303963e-06
rs114479691	0.0256	0.75	0.609756097560976	-0.298997769793239	0.00059049	-0.288065843621399	0.973714069456496	-1.77896038512884	-2.07795815492208	7.99832450038545e-06
rs114632304	4e-04	-0.9	0.99009900990099	-1.90657015941073	2.5e-05	-1.42	0.998858375480831	-2.3806024929069	-4.28717265231763	8.78110872274371e-07
rs114758453	4e-04	1.05	0.99009900990099	-1.76176817921271	2.5e-05	1.46	0.998858375480831	-2.3230682504792	-4.08483642969192	1.07503563247976e-06
rs114767066	0.000484	-0.381818181818182	0.988044659618615	-2.14126749670239	3.025e-05	-0.345454545454545	0.998618965422621	-3.23287416751689	-5.37414166421928	2.96131570938271e-07
rs115004076	4e-04	0.95	0.99009900990099	-1.86077808020281	2.5e-05	1.3	0.998858375480831	-2.54361617978537	-4.40439425998819	7.80981339297344e-07
rs115188539	0.0256	0.625	0.609756097560976	-0.351398684427385	0.00058081	-0.336099585062241	0.974133833073482	-1.7723892237258	-2.12378790815318	7.64003610583452e-06
rs115270459	0.000484	-0.381818181818182	0.988044659618615	-2.14126749670239	3.249e-05	-0.947368421052632	0.998516852057025	-2.80870633594474	-4.94997383264713	4.52583231639307e-07
rs115366249	0.000484	-0.318181818181818	0.988044659618615	-2.16327394593935	3.249e-05	-0.929824561403509	0.998516852057025	-2.82514851864251	-4.98842246458186	4.35512305366895e-07
rs115694700	4e-04	0.95	0.99009900990099	-1.86077808020281	2.5e-05	1.28	0.998858375480831	-2.56938672587278	-4.43016480607559	7.61112143331849e-07
rs116058169	4e-04	0.95	0.99009900990099	-1.86077808020281	2.5e-05	1.4	0.998858375480831	-2.40877029909546	-4.26954837929827	8.93724119958236e-07
rs116306035	4e-04	1.05	0.99009900990099	-1.76176817921271	2.5e-05	1.42	0.998858375480831	-2.3806024929069	-4.14237067211961	1.01492991931015e-06
rs116348644	0.000441	-0.223809523809524	0.989095225142801	-2.23450502513208	3.025e-05	-0.345454545454545	0.998618965422621	-3.23287416751689	-5.46737919264897	2.69769077235389e-07
rs11650008	5.625e-05	1.29333333333333	0.998595724762053	-2.44893589492524	4e-06	4.55	0.999817164744396	6.04589489996797	3.59695900504273	0.00233122519298747
rs11651338	6.561e-05	0.209876543209877	0.998362436014328	-3.18528474214736	4e-06	-1.55	0.999817164744396	-3.10243215744325	-6.2877168995906	1.18774723199171e-07
rs116514638	0.0256	0.875	0.609756097560976	-0.237069416134702	0.00059049	-0.148148148148148	0.973714069456496	-1.80867524487517	-2.04574466100987	8.26017336825224e-06
rs11657469	5.625e-05	0.626666666666667	0.998595724762053	-3.08803715877296	3.24e-06	4.94444444444444	0.9998518982981	7.81314939903567	4.72511224026271	0.00720335722427177
rs116604998	0.000441	0.285714285714286	0.989095225142801	-2.21890602900766	3.025e-05	0.781818181818182	0.998618965422621	-2.98726342031873	-5.20616944932639	3.50295143708224e-07
rs116892077	4e-04	-1	0.99009900990099	-1.81251075347014	2.5e-05	-1.48	0.998858375480831	-2.29370181424007	-4.10621256771021	1.05229939465426e-06
rs116983680	0.004225	-1.23076923076923	0.904465799886942	-0.489096303905169	0.00030276	-0.390804597701149	0.98634763571545	-2.07159971629381	-2.56069602019898	4.93569856972253e-06
rs117010890	0.000324	0.888888888888889	0.991965082829084	-2.02009185406075	2.5e-05	-0.06	0.998858375480831	-3.38585356199081	-5.40594541605155	2.86861666167905e-07
rs117041358	0.0729	0.703703703703704	0.354295837023915	-0.130983461224389	0.00038025	1.69230769230769	0.982913083303287	-0.627236100025396	-0.758219561249784	2.99332731471944e-05
rs117258724	0.001764	1.71428571428571	0.957762666411263	-0.174900649103042	1e-04	-1.61	0.995449088220738	-1.40606204673562	-1.58096269583866	1.31474462911916e-05
rs117259234	0.001521	-2.1025641025641	0.963367934298307	0.476001172783391	0.00012996	-0.912280701754386	0.994093688031442	-2.15219657999592	-1.67619540721253	1.19531498569751e-05
rs117302385	0.000441	0.314285714285714	0.989095225142801	-2.21042806993501	3.025e-05	0.472727272727273	0.998618965422621	-3.1808799569205	-5.39130802685551	2.91091453019043e-07
rs117324964	0.01	1.9	0.8	0.63928104378295	0.000625	-0.952	0.972220516761444	-1.35116510026491	-0.711884056481961	3.13528816254851e-05
rs117392945	0.000441	0.39047619047619	0.989095225142801	-2.18387276955929	3.025e-05	0.509090909090909	0.998618965422621	-3.16305337043031	-5.34692613998961	3.04301618668701e-07
rs117553620	0.000324	0.116666666666667	0.991965082829084	-2.40522842071039	2.025e-05	0.155555555555556	0.999075083517079	-3.4808159815466	-5.88604440225699	1.77487665070495e-07
rs117577105	0.000441	-0.285714285714286	0.989095225142801	-2.21890602900766	3.025e-05	-0.563636363636364	0.998618965422621	-3.13383757590473	-5.35274360491239	3.02536493929851e-07
rs117749782	0.001024	-1.09375	0.975039001560063	-1.26200612080183	5.929e-05	-0.428571428571429	0.997296756170609	-2.86506292679474	-4.12706904759657	1.03057942191272e-06
rs117764592	0.001296	0.888888888888889	0.968616815187912	-1.34807808936243	9.025e-05	0.757894736842105	0.99589097888944	-2.46126312962967	-3.80934121899211	1.41601844061923e-06
rs117799177	0.003721	1.24590163934426	0.914892157086983	-0.521837809535997	0.000225	0.406666666666667	0.989818368132159	-2.21173800861085	-2.73357581814685	4.15210078356859e-06
rs117869551	0.001024	-1.21875	0.975039001560063	-1.12108251510761	5.929e-05	-0.558441558441558	0.997296756170609	-2.80114443002549	-3.9222269451331	1.26486233741763e-06
rs117947296	0.001936	0.122727272727273	0.95383441434567	-1.53057700977182	1e-04	-1.11	0.995449088220738	-2.08296742672572	-3.61354443649754	1.72227449957026e-06
rs117978873	0.003136	-0.267857142857143	0.927299703264095	-1.27743921232647	0.00019044	-0.173913043478261	0.991368768415594	-2.36119169287826	-3.63863090520473	1.67960615101279e-06
rs118052308	0.000625	0.56	0.984615384615385	-1.93280594264012	3.721e-05	0.360655737704918	0.998301752956279	-3.12415352243854	-5.05695946507866	4.06663495516479e-07
rs118089180	0.001764	2.04761904761905	0.957762666411263	0.425601340154814	9.801e-05	0.343434343434343	0.995539247385362	-2.64750838215475	-2.22190704199993	6.92600518920251e-06
rs11867285	0.0676	0.653846153846154	0.371747211895911	-0.152942616187076	0.00066564	-0.755813953488372	0.970467529123544	-1.48394037237551	-1.63688298856259	1.24324159198546e-05
rs12150387	5.625e-05	-0.266666666666667	0.998595724762053	-3.24861135131469	4e-06	-3.55	0.999817164744396	1.99663538275317	-1.25197596856152	1.82691577406905e-05
rs12150665	5.776e-05	0.25	0.998558082129405	-3.23968565840652	2.89e-06	4.35294117647059	0.999867894825234	5.00684078502617	1.76715512661965	0.000374033499341315
rs12452009	0.000441	0.247619047619048	0.989095225142801	-2.22895398050118	2.304e-05	0.1875	0.998947784666323	-3.41086911887564	-5.63982309937682	2.27039138023526e-07
rs12452115	0.4096	-1.140625	0.0889679715302491	0.0112861825295365	0.00984064	-1.04435483870968	0.689709284867451	-0.208997778208424	-0.197711595678888	5.24299840063193e-05
rs12452785	0.0961	1.16129032258065	0.293901542983101	0.0241768101865196	0.00038416	1.97448979591837	0.982740416020799	-0.114033064256448	-0.0898562540699289	5.8401056658916e-05
rs12601380	5.625e-05	0.32	0.998595724762053	-3.23298887597619	3.24e-06	3.88888888888889	0.9998518982981	3.15180281761814	-0.0811860583580546	5.89096066782924e-05
rs12601485	0.000121	-0.1	0.996984123027841	-2.89694739008126	5.76e-06	0.5	0.99973673841067	-3.99621409963551	-6.89316148971676	6.48310092354921e-08
rs12603391	5.625e-05	0.773333333333333	0.998595724762053	-2.98551466436405	4e-06	4.05	0.999817164744396	3.89628799576752	0.910773331403472	0.000158850509576203
rs12603568	0.0841	0.689655172413793	0.32232070910556	-0.11788878875006	0.00038025	1.70769230769231	0.982913083303287	-0.601529142462079	-0.719417931212139	3.1117560495898e-05
rs12939690	5.776e-05	-0.276315789473684	0.998558082129405	-3.2327704362311	4e-06	-3.25	0.999817164744396	0.976821874713889	-2.25594856151722	6.69420131107758e-06
rs12940334	0.009216	-0.0895833333333333	0.812743823146944	-0.834377629823765	0.00045796	1	0.979492717154479	-1.45374123900817	-2.28811886883194	6.48227395885746e-06
rs12941866	5.625e-05	0.6	0.998595724762053	-3.10436974662684	3.24e-06	4.55555555555556	0.9998518982981	5.96620075356835	2.86183100694151	0.00111769213451007
rs12948803	5.776e-05	0.144736842105263	0.998558082129405	-3.26043132493275	4e-06	3.5	0.999817164744396	1.82041760746697	-1.44001371746578	1.51375213570601e-05
rs12949068	5.625e-05	-0.626666666666667	0.998595724762053	-3.08803715877296	4e-06	-3.75	0.999817164744396	2.72650191301658	-0.361535245756374	4.4507378813442e-05
rs12949679	5.776e-05	-0.25	0.998558082129405	-3.23968565840652	4e-06	-3.3	0.999817164744396	1.14054193544078	-2.09914372296573	7.83065778087844e-06
rs12951338	0.000225	-0.22	0.994406463642014	-2.56900714840794	1.444e-05	-1.47368421052632	0.999340279545881	-2.57669097968851	-5.14569812809645	3.72131537834019e-07
rs12951387	5.776e-05	-0.236842105263158	0.998558082129405	-3.24288394866264	4e-06	-3.25	0.999817164744396	0.976821874713889	-2.26606207394875	6.62684062362794e-06
rs12952492	5.776e-05	0.276315789473684	0.998558082129405	-3.2327704362311	4e-06	3.25	0.999817164744396	0.976821874713889	-2.25594856151722	6.69420131107758e-06
rs12952548	5.776e-05	-0.157894736842105	0.998558082129405	-3.25844319855732	4e-06	-3.45	0.999817164744396	1.64669937509263	-1.61174382346469	1.27489181082643e-05
rs1351741	0.0529	1.21739130434783	0.430570505920345	0.0375015446711435	0.000361	-2.25263157894737	0.983764057054695	0.435717197515131	0.473218742186274	0.00010255599882569
rs137914667	0.0784	1.60714285714286	0.337837837837838	0.230179657058854	0.00038025	2.03589743589744	0.982913083303287	0.00230648215237883	0.232486139211233	8.0614326062267e-05
rs138012192	0.008649	0.268817204301075	0.822216283993504	-0.833885993110476	0.00123201	0.461538461538462	0.946679226172771	-1.36488489537835	-2.19877088848882	7.08811436880383e-06
rs138150577	0.006724	0.146341463414634	0.856091088091773	-0.960120419874937	0.00038416	-1.21938775510204	0.982740416020799	-1.29907229352934	-2.25919271340428	6.67251949383193e-06
rs138196492	0.003364	0.310344827586207	0.922424130615257	-1.23382829256841	0.00018769	-0.576642335766423	0.991492345133321	-2.2185507497184	-3.45237904228681	2.02346460847381e-06
rs138286902	0.000784	-0.714285714285714	0.980776775205963	-1.72561989619245	4.9e-05	-0.485714285714286	0.997764865559338	-2.9340314211126	-4.65965131730505	6.05039774528454e-07
rs138307875	0.0784	-0.0292857142857143	0.337837837837838	-0.205977523718862	0.00164836	0.110837438423645	0.929922562055018	-1.32336517561675	-1.52934269933562	1.38439392541329e-05
rs138383073	0.000484	0.427272727272727	0.988044659618615	-2.12309890688709	3.249e-05	0.754385964912281	0.998516852057025	-2.97266716714585	-5.09576607403295	3.91184549471305e-07
rs138675852	0.0196	-0.621428571428571	0.671140939597315	-0.42647459137119	0.00099225	-1.25079365079365	0.956605628472482	-0.820415305257463	-1.24688989662865	1.83623126866788e-05
rs138767405	4e-04	-0.95	0.99009900990099	-1.86077808020281	2.5e-05	-1.4	0.998858375480831	-2.40877029909546	-4.26954837929827	8.93724119958236e-07
rs138962372	0.001936	-0.227272727272727	0.95383441434567	-1.51312617560027	0.00010816	-1.02884615384615	0.995079561046211	-2.13052076532794	-3.64364694092822	1.67120228123398e-06
rs139027589	0.002025	1.57777777777778	0.951814396192742	-0.331632335983493	0.00011449	1.53271028037383	0.994793094678486	-1.46040042524632	-1.79203276122981	1.06457151299954e-05
rs139186433	0.002209	0.340425531914894	0.947665189888412	-1.42013452922153	0.000144	0.783333333333333	0.993459783175767	-2.21009349955576	-3.63022802877729	1.69377913747931e-06
rs139565052	0.007225	-0.0764705882352941	0.847008999470619	-0.936211540889858	0.00044521	0.876777251184834	0.980052268568807	-1.5806180463748	-2.51682958726466	5.15702905916594e-06
rs139920788	0.003481	-1.61016949152542	0.91994204365125	-0.06996029219942	0.00021316	-1.01369863013699	0.990348977401091	-1.81151186646013	-1.88147215865955	9.73490693122915e-06
rs139925642	0.0016	1.95	0.961538461538462	0.199076730989259	0.00011664	-0.805555555555555	0.994695833196187	-2.29689240171835	-2.09781567072909	7.84106421207136e-06
rs139930121	0.001764	1.5952380952381	0.957762666411263	-0.363575550791201	0.00011449	1.76635514018692	0.994793094678486	-1.07700235290211	-1.44057790369331	1.51289833847211e-05
rs140105464	4e-04	-0.9	0.99009900990099	-1.90657015941073	2.5e-05	-1.42	0.998858375480831	-2.3806024929069	-4.28717265231763	8.78110872274371e-07
rs140161978	0.0169	-0.292307692307692	0.70298769771529	-0.576957894054266	0.00103041	1.46417445482866	0.955011844631138	-0.526997559323888	-1.10395545337815	2.11837585902542e-05
rs140210609	0.001849	-1.62790697674419	0.955817343305694	-0.293214724502479	0.00011881	-1.81651376146789	0.99459768623883	-0.969515916091643	-1.26273064059412	1.80737316960122e-05
rs140419579	4e-04	-0.95	0.99009900990099	-1.86077808020281	2.5e-05	-1.36	0.998858375480831	-2.463907281422	-4.32468536162482	8.45780740959083e-07
rs140472660	0.16	-0.95	0.2	-0.0213217756571049	0.01860496	0.306451612903226	0.540375165947731	-0.363298334218639	-0.384620109875744	4.34917005239813e-05
rs140490493	0.001764	0.0285714285714286	0.957762666411263	-1.58183445988432	0.00010201	-1.94059405940594	0.995358039509543	-0.81209718135639	-2.39393164124071	5.8314086725751e-06
rs140552410	0.1369	0.783783783783784	0.226116449971735	-0.0587133426072425	0.00829921	-1.02854006586169	0.7249442505678	-0.261933410022776	-0.320646752630019	4.63649360317747e-05
rs140561480	0.002601	-0.333333333333333	0.938945095185559	-1.34582725395665	0.00013225	1.13913043478261	0.993990239511385	-1.91227530509848	-3.25810255905513	2.45736018481153e-06
rs140582228	0.001369	-0.594594594594595	0.966907587807295	-1.53330405583041	7.569e-05	-2.22988505747126	0.996551599817242	-0.357302141305415	-1.89060619713583	9.64639277799561e-06
rs140610432	4e-04	-1	0.99009900990099	-1.81251075347014	2.5e-05	-1.48	0.998858375480831	-2.29370181424007	-4.10621256771021	1.05229939465426e-06
rs140725274	0.0324	0.55	0.552486187845304	-0.318460402385091	0.00201601	1.67483296213808	0.915611496999019	0.0480130349012833	-0.270447367483808	4.87518365586018e-05
rs140786432	0.001681	-1.17073170731707	0.959669873563494	-0.947660394626493	0.00010609	1.76699029126214	0.995173275422643	-1.11320137836244	-2.06086177298893	8.13624250099777e-06
rs140847371	0.0196	0.707142857142857	0.671140939597315	-0.388260648075751	0.001369	-1.17297297297297	0.941099580045901	-0.768540262219624	-1.15680091029537	2.0093358285842e-05
rs140899705	0.0169	1.61538461538462	0.70298769771529	0.310220899843468	0.00026244	1.2283950617284	0.988144230912457	-1.47193803730966	-1.16171713746619	1.99948171955492e-05
rs140975233	0.002601	0.215686274509804	0.938945095185559	-1.37615074030636	0.00013225	-1.15652173913043	0.993990239511385	-1.8924330802795	-3.26858382058586	2.43173845860567e-06
rs140990981	4e-04	-0.95	0.99009900990099	-1.86077808020281	2.5e-05	-1.36	0.998858375480831	-2.463907281422	-4.32468536162482	8.45780740959083e-07
rs141002183	0.0729	-0.444444444444444	0.354295837023915	-0.183714734636041	0.00156025	0.0455696202531646	0.933419017468588	-1.35369898046023	-1.53741371509628	1.37326542976452e-05
rs141799500	0.5184	-0.611111111111111	0.0716332378223496	-0.0237882436734064	0.02483776	-0.690355329949239	0.468271742096332	-0.204224429236843	-0.22801267291025	5.08651271656627e-05
rs141962184	0.002025	0.355555555555556	0.951814396192742	-1.4561834188927	0.00010816	-0.394230769230769	0.995079561046211	-2.57985217954297	-4.03603559843566	1.12879945504132e-06
rs142011757	0.004624	0.426470588235294	0.896378630333453	-1.05199044879403	0.00024964	-0.246835443037975	0.988715948051833	-2.2120623289746	-3.26405277776863	2.44278176964592e-06
rs142083015	0.1849	0.0744186046511628	0.177856825255669	-0.097427863290255	0.00813604	-1.26607538802661	0.728885953294216	-0.0684251197075965	-0.165852982997851	5.41272228454338e-05
rs142147395	0.0225	1.2	0.64	-0.0500256237659907	0.00055696	0.0974576271186441	0.975169610717444	-1.84321242567784	-1.89323804944383	9.62103827618613e-06
rs142207941	0.002116	-0.891304347826087	0.949757811758002	-1.11819516679195	0.00012996	-0.833333333333333	0.994093688031442	-2.22069541791775	-3.3388905847097	2.26664247917613e-06
rs142209862	0.001764	0.019047619047619	0.957762666411263	-1.58205163962727	0.00010609	0.242718446601942	0.995173275422643	-2.63747964577504	-4.21953128540231	9.39562396090775e-07
rs142494697	0.005041	2.11267605633803	0.888079749561511	0.886943274462253	0.00031684	0.0224719101123596	0.985721791296339	-2.12426149721058	-1.23731822274833	1.85389145950324e-05
rs142597018	0.001369	-0.513513513513513	0.966907587807295	-1.57674073709422	7.569e-05	-2.20689655172414	0.996551599817242	-0.40812377131327	-1.98486450840749	8.77867713945526e-06
rs143039540	0.01	1.1	0.8	-0.32071895621705	0.00081225	0.905263157894737	0.964195772614357	-1.26976476902013	-1.59048372523718	1.30228630898199e-05
rs143187710	0.0484	-1.22727272727273	0.452488687782805	0.0395827788511317	0.00276676	-0.796577946768061	0.887714387915876	-0.811711215712821	-0.772128436861689	2.95198169949008e-05
rs143287229	0.003364	1.13793103448276	0.922424130615257	-0.681031905136672	0.000196	0.664285714285714	0.991119012838169	-2.1432430066103	-2.82427491174697	3.79208244305362e-06
rs143357708	0.000289	-1.11764705882353	0.992826826180844	-1.84861619185987	2.304e-05	-0.916666666666667	0.998947784666323	-3.00873193559525	-4.85734812745512	4.96506904008004e-07
rs143624982	0.001681	0.682926829268293	0.959669873563494	-1.38153850522034	1e-04	0.85	0.995449088220738	-2.33660785440436	-3.7181463596247	1.55122334983712e-06
rs144045944	0.0841	-0.3	0.32232070910556	-0.180036130706079	0.00755161	0.905638665132336	0.743362741990847	-0.375199675113445	-0.555235805819524	3.66698331266601e-05
rs144219744	0.3025	2.36363636363636	0.116788321167883	0.264139954964841	0.00976144	-0.998987854251012	0.691436007613436	-0.242894489240506	0.0212454657243355	6.52636815362227e-05
rs144412054	0.001936	-0.954545454545455	0.95383441434567	-1.10321386530296	0.00011449	-1.85046728971963	0.994793094678486	-0.925685017380879	-2.02889888268384	8.40050106387176e-06
rs144753473	0.000484	-0.377272727272727	0.988044659618615	-2.14297207788169	3.249e-05	-0.947368421052632	0.998516852057025	-2.80870633594474	-4.95167841382643	4.51812423919391e-07
rs144938443	0.0256	0.44375	0.609756097560976	-0.410456897079824	0.00146689	-0.0496083550913838	0.93715261217016	-1.38236979230688	-1.7928266893867	1.06372665512295e-05
rs145203857	4e-04	-0.9	0.99009900990099	-1.90657015941073	2.5e-05	-1.42	0.998858375480831	-2.3806024929069	-4.28717265231763	8.78110872274371e-07
rs145717003	0.008836	-1.70212765957447	0.819067900728971	0.331700826386588	0.000576	-1.53333333333333	0.97434254858922	-0.686066827096305	-0.354366000709717	4.48276096536194e-05
rs145819248	0.000784	-0.785714285714286	0.980776775205963	-1.67307828323499	4.9e-05	-0.5	0.997764865559338	-2.92700634195713	-4.60008462519212	6.42175024909977e-07
rs146007192	0.000784	0.607142857142857	0.980776775205963	-1.79504988474338	4.9e-05	0.557142857142857	0.997764865559338	-2.89686977050758	-4.69191965525097	5.8582778313331e-07
rs146350052	0.000576	0.458333333333333	0.985804416403785	-2.02386849550809	3.721e-05	-0.377049180327869	0.998301752956279	-3.11811702971037	-5.14198552521846	3.73515682251792e-07
rs146408240	0.000576	0.458333333333333	0.985804416403785	-2.02386849550809	3.844e-05	-0.258064516129032	0.998245714809654	-3.13960667007185	-5.16347516557994	3.65574595717875e-07
rs146480615	0.000484	-0.818181818181818	0.988044659618615	-1.88257944036588	3.136e-05	-1.35714285714286	0.998568361992746	-2.35486806970461	-4.23744751007049	9.22878884155869e-07
rs146533842	0.000441	-0.323809523809524	0.989095225142801	-2.20742265587222	3.025e-05	-0.490909090909091	0.998618965422621	-3.17213172466143	-5.37955438053365	2.94533024893962e-07
rs146551461	0.003364	-0.862068965517241	0.922424130615257	-0.935493734271916	0.00021316	1.28082191780822	0.990348977401091	-1.50800958203187	-2.44350331630379	5.54938394619223e-06
rs146786273	0.001444	-1.10526315789474	0.96515780330084	-1.0889414444225	0.00010609	-1.40776699029126	0.995173275422643	-1.68067246231656	-2.76961390673906	4.00513116572015e-06
rs146791514	0.0729	-0.407407407407407	0.354295837023915	-0.189303763615156	0.00196249	0.846501128668172	0.917667349655806	-0.919709996069085	-1.10901375968424	2.10768752029437e-05
rs146818022	0.000484	0.727272727272727	0.988044659618615	-1.9519875362895	3.136e-05	1.32142857142857	0.998568361992746	-2.40263122477441	-4.35461876106392	8.20838808929742e-07
rs146976264	0.0324	1.38888888888889	0.552486187845304	0.130852400288669	0.00097969	-0.565495207667732	0.957131371456639	-1.42176944856649	-1.29091704827782	1.75714106946192e-05
rs147058075	0.002116	0.934782608695652	0.949757811758002	-1.08049211566356	0.00014161	0.378151260504202	0.993567634378146	-2.45216717327149	-3.53265928893505	1.86736985893625e-06
rs147095265	0.1024	1.09375	0.280898876404494	0.00314148356938398	0.00487204	-0.265042979942693	0.817838099945588	-0.822704057337827	-0.819562573768443	2.81522607852128e-05
rs147297923	0.005625	0.146666666666667	0.876712328767123	-1.03718790374779	0.00031329	-0.92090395480226	0.985879510986471	-1.71201970029089	-2.74920760403868	4.08770068872179e-06
rs147440815	0.004489	0.417910447761194	0.899098653599766	-1.06829259953351	0.00024649	-0.942675159235669	0.988856745517343	-1.80909339480682	-2.87738599434033	3.59593572662446e-06
rs147461243	0.004225	2.15384615384615	0.904465799886942	0.923797016628279	0.00028224	1.58928571428571	0.987261157226579	-0.934723262492973	-0.0109262458646937	6.31974524718281e-05
rs147721182	0.003364	0.379310344827586	0.922424130615257	-1.21189192798778	0.00018769	-0.598540145985402	0.991492345133321	-2.20579325590682	-3.4176851838946	2.09489839485147e-06
rs147811269	0.1764	-0.642857142857143	0.184842883548983	-0.0639926262726044	0.00383161	0.933764135702746	0.850940442878573	-0.58073060601693	-0.644723232289534	3.35308866940434e-05
rs1483544	5.625e-05	-0.586666666666667	0.998595724762053	-3.11226974836051	4e-06	-4	0.999817164744396	3.69507479136271	0.5828050430022	0.000114433661576858
rs1483545	0.0841	0.0344827586206897	0.32232070910556	-0.194348933181165	0.00033856	-1.15760869565217	0.984757911182048	-1.43203103286783	-1.62637996604899	1.25636820027719e-05
rs148608357	0.002916	-1.03703703703704	0.932053313449529	-0.843329533107987	0.00017956	-0.126865671641791	0.991857863088334	-2.39736938089328	-3.24069891400127	2.50050152864845e-06
rs148766155	0.0625	-1.32	0.390243902439024	0.0926323668868245	0.00362404	0.323920265780731	0.857867734128042	-0.930493000256529	-0.837860633369705	2.76418133801857e-05
rs148871023	0.0324	0.377777777777778	0.552486187845304	-0.362599615262794	0.00139876	0.748663101604278	0.939896130930989	-1.14243631362338	-1.50503592888617	1.41845636770757e-05
rs148902481	0.0961	1.2258064516129	0.293901542983101	0.046808146482825	0.00064009	2.20948616600791	0.971568877894722	0.591381176497016	0.638189322979841	0.000120950280983967
rs148961167	0.001369	-0.405405405405405	0.966907587807295	-1.62476828710948	8.464e-05	-3.29347826086957	0.996145413837023	2.62334836695266	0.998580079843176	0.000173429350904007
rs149048348	0.003481	-1.50847457627119	0.91994204365125	-0.215840214088386	0.00021316	-0.842465753424658	0.990348977401091	-1.96889632700367	-2.18473654109206	7.1882927530869e-06
rs149101784	0.001296	-0.5	0.968616815187912	-1.6096644206246	7.569e-05	-2.33333333333333	0.996551599817242	-0.122087524701702	-1.7317519453263	1.13071841804949e-05
rs149113936	4e-04	0.85	0.99009900990099	-1.9498869910939	2.5e-05	1.42	0.998858375480831	-2.3806024929069	-4.3304894840008	8.40885944774583e-07
rs149290135	0.0729	0.255555555555556	0.354295837023915	-0.207137626083733	0.000676	-0.753846153846154	0.97002166599155	-1.47801627127736	-1.68515389736109	1.18465458999399e-05
rs149366528	0.002116	-0.565217391304348	0.949757811758002	-1.34374020479214	0.00015376	-0.258064516129032	0.99301959609619	-2.44925803976804	-3.79299824456018	1.43935053236161e-06
rs149609544	0.2304	-0.458333333333333	0.14792899408284	-0.0645050268714326	0.00586756	-1.05744125326371	0.788489160046886	-0.335902319940168	-0.400407346811601	4.2810478200926e-05
rs149948388	4e-04	-0.9	0.99009900990099	-1.90657015941073	2.5e-05	-1.42	0.998858375480831	-2.3806024929069	-4.28717265231763	8.78110872274371e-07
rs149953213	0.001089	0.224242424242424	0.973496556255932	-1.79076432689107	6.724e-05	-0.182926829268293	0.996935397969737	-2.87723894243381	-4.66800326932488	6.00007555041241e-07
rs149956668	0.000576	0.408333333333333	0.985804416403785	-2.04522759119684	3.721e-05	-0.262295081967213	0.998301752956279	-3.15473841892793	-5.19996601012476	3.52474932437937e-07
rs150076834	0.04	-0.55	0.5	-0.270948590279973	0.00242064	-0.439024390243902	0.90036164372333	-1.06633510377727	-1.33728369405725	1.67752828339172e-05
rs150080639	0.0169	-1.38461538461538	0.70298769771529	0.0668790044804835	0.00083521	0.657439446366782	0.963220912340006	-1.44324807037853	-1.37636906589805	1.61322628618834e-05
rs150265257	0.004356	1.39393939393939	0.901794571196681	-0.284223239654675	0.00024336	0.858974358974359	0.98899668875556	-1.88992036474311	-2.17414360439779	7.2648426112554e-06
rs150446789	0.003364	0.379310344827586	0.922424130615257	-1.21189192798778	0.00018769	-0.576642335766423	0.991492345133321	-2.2185507497184	-3.43044267770619	2.06834249507825e-06
rs150483532	0.009409	0.525773195876289	0.809569106842883	-0.717335346740331	0.00050176	-0.714285714285714	0.97757535156884	-1.64941580711325	-2.36675115385358	5.99208291275555e-06
rs150670649	0.001764	1.83333333333333	0.957762666411263	0.0273479865195183	0.00011449	1.75700934579439	0.994793094678486	-1.09338094477449	-1.06603295825497	2.20025263082776e-05
rs150811340	0.1936	-0.636363636363636	0.171232876712329	-0.0592369183909047	0.00390625	0.9696	0.848476729991194	-0.544671297673605	-0.60390821606451	3.49277632358679e-05
rs150866522	0.000529	0.565217391304348	0.986947617755188	-2.01174188431506	2.916e-05	-1.92592592592593	0.998668662070208	-1.45865919710841	-3.47040108142347	1.98732428940487e-06
rs151043087	0.001681	2.09756097560976	0.959669873563494	0.505831275862892	0.000121	-0.745454545454546	0.994498654336237	-2.32505859130853	-1.81922731544564	1.03601106965494e-05
rs1542611	0.000196	-1.07142857142857	0.995123892924669	-2.09052324808128	1.024e-05	-0.78125	0.999532075208565	-3.52856850657556	-5.61909175465684	2.31795092993053e-07
rs1564707	4e-04	1	0.99009900990099	-1.81251075347014	2.025e-05	1.26666666666667	0.999075083517079	-2.69142332296521	-4.50393407643535	7.06986407253389e-07
rs1564708	9.216e-05	-1.5625	0.997701296213524	-1.81980785290075	5.29e-06	-0.347826086956522	0.999758214631185	-4.10325319810731	-5.92306105100806	1.71037779558142e-07
rs17138344	0.000324	-0.477777777777778	0.991965082829084	-2.29876056344069	1.936e-05	0.159090909090909	0.999115698219997	-3.5027123188697	-5.8014728823104	1.93151070976157e-07
rs17138347	0.000484	0.772727272727273	0.988044659618615	-1.91830419562069	2.601e-05	1.47058823529412	0.998812308628519	-2.28784132951277	-4.20614552513346	9.52223704650631e-07
rs17138349	4e-04	-0.85	0.99009900990099	-1.9498869910939	2.116e-05	-1.54347826086957	0.999033559538232	-2.28093404837114	-4.23082103946504	9.29014620641121e-07
rs17138364	0.000484	0.772727272727273	0.988044659618615	-1.91830419562069	2.601e-05	1.49019607843137	0.998812308628519	-2.2588485077898	-4.17715270341049	9.80235464582611e-07
rs17138367	4e-04	0.9	0.99009900990099	-1.90657015941073	2.025e-05	1.44444444444444	0.999075083517079	-2.45065856209788	-4.35722872150861	8.1869924540958e-07
rs17138374	0.0036	0.233333333333333	0.917431192660551	-1.22208713664626	0.00023716	-0.831168831168831	0.989274009584651	-1.92582690338184	-3.1479140400281	2.74361446030231e-06
rs17560870	5.776e-05	0.0789473684210526	0.998558082129405	-3.26777874849412	3.24e-06	4.33333333333333	0.9998518982981	4.97869270586652	1.71091395737239	0.000353578029330731
rs180814749	0.001764	-0.111904761904762	0.957762666411263	-1.57622850776941	0.00010816	0.240384615384615	0.995079561046211	-2.62842854864729	-4.20465705641671	9.53642115214349e-07
rs180837267	0.0256	-1.0625	0.609756097560976	-0.126312937476166	0.00840889	0.758996728462377	0.722318580208357	-0.432585185776754	-0.55889812325292	3.65357821759182e-05
rs180928666	0.0121	-0.618181818181818	0.767754318618042	-0.583281567529146	0.00225625	0.736842105263158	0.906495554051957	-0.938788481142848	-1.52207004867199	1.39449883902843e-05
rs181019355	0.004624	0.779411764705882	0.896378630333453	-0.861238594934143	0.00029241	1.52046783625731	0.986808191739514	-1.0234169528211	-1.88465554775524	9.70396620896494e-06
rs181364618	0.008649	1.39784946236559	0.822216283993504	-0.0602954033316407	0.00051984	-0.855263157894737	0.976786078119683	-1.52425421755066	-1.5845496208823	1.31003718635234e-05
rs181369176	0.000676	0.461538461538462	0.983380863408398	-1.94386143024852	4.624e-05	0.147058823529412	0.997890497346999	-3.06986119595533	-5.01372262620385	4.24631990876564e-07
rs181750849	0.09	0.3	0.307692307692308	-0.170016236216505	0.00429025	-1.16793893129771	0.836023867284577	-0.333814915380384	-0.503831151596889	3.86041230532733e-05
rs181896719	0.0144	0.325	0.735294117647059	-0.625735253051736	0.00106276	-0.260736196319018	0.953664873793689	-1.5035107969256	-2.12924604997734	7.59844930180813e-06
rs182109106	0.1681	0.585365853658537	0.192215281114849	-0.0737982575805068	0.00300304	1.68978102189781	0.879282823274089	0.198182032152985	0.124383774572479	7.23542368467194e-05
rs182367577	0.004624	-0.25	0.896378630333453	-1.10549401755961	0.00024649	-0.738853503184713	0.988856745517343	-1.97854979843639	-3.084043815996	2.92456695812422e-06
rs182546889	0.0121	0.245454545454545	0.767754318618042	-0.706851942364571	0.00071289	-1.21348314606742	0.968437352993264	-1.01485843561428	-1.72171037797885	1.14212980139562e-05
rs182564804	0.0169	1.53846153846154	0.70298769771529	0.224947244203448	0.00088209	-0.784511784511784	0.961236540108754	-1.32933790080484	-1.1043906566014	2.11745413560658e-05
rs182924023	0.003721	0.10983606557377	0.914892157086983	-1.22639943146596	0.00025281	-0.39622641509434	0.988574297105661	-2.15834411603589	-3.38474354750185	2.16505700143048e-06
rs183148638	0.0529	-1.34782608695652	0.430570505920345	0.109534606625681	0.00256036	0.928853754940711	0.895213135958655	-0.741732224568212	-0.632197617942531	3.39535230136211e-05
rs183524332	0.006084	0.0333333333333333	0.867980210051211	-1.01191951066157	0.00071289	0.322097378277154	0.968437352993264	-1.6776543571806	-2.68957386784218	4.33888051667833e-06
rs183766869	0.09	-0.00466666666666667	0.307692307692308	-0.183859039635308	0.011236	0.10188679245283	0.660642421924405	-0.536921424904086	-0.720780464539394	3.1075190654375e-05
rs184025484	0.0729	0.0174074074074074	0.354295837023915	-0.218653237092176	0.011881	0.974311926605505	0.648018538763009	-0.214511657957091	-0.433164895049267	4.14308321745043e-05
rs184292632	0.2601	0.980392156862745	0.133288903698767	-0.00746822343551223	0.01656369	0.423465423465423	0.569072586589377	-0.369883916984155	-0.377352140419667	4.3808948352238e-05
rs184534316	0.007744	0.420454545454545	0.837801608579088	-0.835413394933625	0.000484	1.12272727272727	0.978351898414309	-1.29980438794726	-2.13521778288088	7.55320860920909e-06
rs184570953	0.005476	-0.635135135135135	0.879584835957428	-0.88099411976164	0.00038809	-0.223350253807107	0.982566926649714	-2.00018521425991	-2.88117933402155	3.58232095998454e-06
rs184619669	0.0169	0.00846153846153846	0.70298769771529	-0.606965693473989	0.00364816	0.228476821192053	0.857056984610089	-0.950284713237114	-1.5572504067111	1.346292795304e-05
rs184898438	0.0961	-0.548387096774194	0.293901542983101	-0.129808025289018	0.00720801	2.10836277974087	0.752145587034374	0.974259504167923	0.844451478878905	0.000148657011487848
rs184912498	0.0036	1.08333333333333	0.917431192660551	-0.708707931753292	0.00024649	0.0573248407643312	0.988856745517343	-2.24683571208997	-2.95554364384327	3.3255883085926e-06
rs184920307	0.005184	-0.0805555555555556	0.885269121813031	-1.07971069831069	0.00041616	1.34313725490196	0.981329558883537	-1.10523890757619	-2.18494960588688	7.18676134411679e-06
rs185071171	0.64	0.875	0.0588235294117647	-0.00779392855527626	0.01157776	0.0269516728624535	0.653892889822872	-0.530266000921139	-0.538059929476415	3.73051097445745e-05
rs185361705	0.001521	-1.66666666666667	0.963367934298307	-0.315404635175671	0.00012769	-0.725663716814159	0.994196254324499	-2.31286005784598	-2.62826469302166	4.61321746018179e-06
rs185849923	0.0169	-0.507692307692308	0.70298769771529	-0.516392800097256	0.00790321	-0.850393700787402	0.734585234384027	-0.397615963032845	-0.914008763130101	2.56150859818547e-05
rs185942573	0.0121	-0.509090909090909	0.767754318618042	-0.630488940508636	0.00056169	-1.33755274261603	0.974964017278625	-0.971592199532685	-1.60208114004132	1.28727039565377e-05
rs186266926	0.001764	1.78571428571429	0.957762666411263	-0.0551803158016335	1e-04	-1.54	0.995449088220738	-1.51581030871195	-1.57099062451359	1.32792094472453e-05
rs186452911	0.0324	1.72222222222222	0.552486187845304	0.41732671991216	0.00165649	-0.904176904176904	0.929601260078123	-0.946798768071106	-0.529472048158945	3.76268612037947e-05
rs186512951	0.004761	0.536231884057971	0.893635084113402	-0.991959760815714	0.00038416	-0.48469387755102	0.982740416020799	-1.91425715203799	-2.9062169128537	3.4937418471344e-06
rs186678357	0.0576	0.0204166666666667	0.409836065573771	-0.263592044768892	0.00309136	-0.266187050359712	0.876172135297773	-1.01339060542238	-1.27698265019127	1.7817971575418e-05
rs187042356	0.003969	-0.365079365079365	0.909731856535286	-1.14185946367496	0.00035344	1.68085106382979	0.984098660763831	-0.680508534138363	-1.82236799781333	1.0327623921582e-05
rs187260319	0.0289	-0.0494117647058823	0.58055152394775	-0.43369857664906	0.00154449	-0.0916030534351145	0.934047193036816	-1.35548906860733	-1.78918764525639	1.06760465519064e-05
rs187277290	0.003364	-1.25862068965517	0.922424130615257	-0.54763138803075	0.00019881	-0.99290780141844	0.99099283531286	-1.86637444820995	-2.4140058362407	5.7155149660027e-06
rs187930173	0.000784	-0.571428571428571	0.980776775205963	-1.81569123269096	5.041e-05	-0.549295774647887	0.997700696310056	-2.88705842834779	-4.70274966103875	5.7951749674753e-07
rs187954683	0.001764	-1.66666666666667	0.957762666411263	-0.251999457850433	0.00011449	-1.77570093457944	0.994793094678486	-1.06053687194818	-1.31253632979861	1.7195606367127e-05
rs188170630	0.001296	-0.108333333333333	0.968616815187912	-1.72505762523952	9.216e-05	0.4375	0.995804382743727	-2.64155581315273	-4.36661343839224	8.11051924874373e-07
rs188231739	0.002025	-0.977777777777778	0.951814396192742	-1.06135670639793	0.00011881	-2	0.99459768623883	-0.621268598967366	-1.68262530536529	1.18765388851108e-05
rs188495872	0.0256	0.35	0.609756097560976	-0.433144111256654	0.00110889	0.945945945945946	0.951750698049174	-1.08986716198354	-1.52301127324019	1.3931869199629e-05
rs188747141	0.008281	0.549450549450549	0.828483254282223	-0.756479335787376	0.00109561	0.474320241691843	0.952300966822075	-1.4142978860995	-2.17077722188687	7.28934006112502e-06
rs188757842	0.005041	0.535211267605634	0.888079749561511	-0.967788644479145	0.000324	1.74444444444444	0.985403839711834	-0.614163868109202	-1.58195251258835	1.31344391670336e-05
rs189388297	0.005184	-0.0180555555555556	0.885269121813031	-1.08243874117739	0.00041616	1.34313725490196	0.981329558883537	-1.10523890757619	-2.18767764875358	7.16718226951735e-06
rs189417388	0.001444	1.13157894736842	0.96515780330084	-1.06053479162451	0.00010816	1.375	0.995079561046211	-1.71651761955243	-2.77705241117694	3.97544951019317e-06
rs189510594	0.1296	-0.555555555555556	0.235849056603774	-0.09809851036738	0.00690561	-0.370637785800241	0.760048815720376	-0.661455034676235	-0.759553545043615	2.98933692674017e-05
rs189830128	0.0025	1.88	0.941176470588235	0.246640386795421	0.00020164	-0.0140845070422535	0.990865792193369	-2.34776612611629	-2.10112573932087	7.81515265986281e-06
rs189856865	0.005041	1.2112676056338	0.888079749561511	-0.443502722103613	0.000289	0.641176470588235	0.986960024696856	-1.96699458929067	-2.41049731139428	5.73560321171884e-06
rs189886368	0.0841	0.155172413793103	0.32232070910556	-0.190660066563875	0.00400689	-0.232227488151659	0.845177308823593	-0.909947332631464	-1.10060739919534	2.12548018237445e-05
rs189888925	0.0841	3.27586206896552	0.32232070910556	1.53491508523059	0.00357604	1.75752508361204	0.859485738195826	0.346207206258997	1.88112229148959	0.000419185074942205
rs190375149	0.0169	-0.638461538461539	0.70298769771529	-0.463710319673799	0.00743044	-0.852668213457077	0.746436489026616	-0.414724732633682	-0.878435052307481	2.65427113588206e-05
rs190503866	0.1024	0.8125	0.280898876404494	-0.0721580687480318	0.00538756	1.65395095367847	0.802372448129213	0.2867809471445	0.214622878396468	7.91870769442967e-05
rs190665384	0.0361	0.894736842105263	0.525624178712221	-0.162482426013943	0.00749956	0.124711316397229	0.744679999178651	-0.676827836278068	-0.839310262292011	2.76017720376009e-05
rs190682321	0.0361	2	0.525624178712221	0.678370657660039	0.00136161	-2.13821138211382	0.941398898206175	0.733512474413988	1.41188313207403	0.000262191032378322
rs190721524	0.009025	-0.673684210526316	0.815910249872514	-0.661015330968973	0.000441	0.757142857142857	0.980237170677745	-1.68100822543324	-2.34202355640221	6.14209986232564e-06
rs190934691	0.0144	0.725	0.735294117647059	-0.471323488345853	0.00075076	0.138686131386861	0.966816326263362	-1.6935508427322	-2.16487433107805	7.33249548514281e-06
rs190962112	0.0121	1.72727272727273	0.767754318618042	0.415306652835378	0.004225	0.487692307692308	0.838114037574724	-0.810761455327737	-0.395454802492359	4.30230248805295e-05
rs191251931	0.005776	-0.802631578947368	0.873820342537574	-0.753559110279121	0.00038416	0.877551020408163	0.982740416020799	-1.65129171819569	-2.40485082847481	5.76808080307957e-06
rs191351782	0.0256	0.8125	0.609756097560976	-0.269224522842019	0.00137641	0.738544474393531	0.940799642872074	-1.15683523838422	-1.42605976122624	1.53502302817454e-05
rs191546903	0.008281	-0.450549450549451	0.828483254282223	-0.797448287922211	0.001089	-0.145454545454545	0.952575095373503	-1.51422705964563	-2.31167534756784	6.33135890243997e-06
rs191556139	0.0361	0.284210526315789	0.525624178712221	-0.351648889444114	0.00181476	1.37558685446009	0.923390282385877	-0.410878032319257	-0.762526921763371	2.9804617031451e-05
rs191589181	0.003481	-0.254237288135593	0.91994204365125	-1.23277126377813	0.000289	-2.71176470588235	0.986960024696856	1.45902027844596	0.226249014667823	8.01130892338097e-05
rs191849120	0.002809	1.15094339622642	0.934382956854867	-0.743085042988944	0.00020449	-0.174825174825175	0.99073788415781	-2.32577100391883	-3.06885604690778	2.96932362238276e-06
rs192188791	0.002116	-0.434782608695652	0.949757811758002	-1.40568093164592	0.00014161	-0.991596638655462	0.993567634378146	-2.03473686180106	-3.44041779344698	2.04781310106655e-06
rs192312125	0.004489	0.925373134328358	0.899098653599766	-0.761849975339339	0.00024025	0.748387096774193	0.989135777024062	-1.98414090336997	-2.7459908787093	4.10087087013785e-06
rs192807325	0.007056	0.642857142857143	0.850051003060184	-0.773081737553894	0.00052441	1.96506550218341	0.976586778777565	0.00830913943527767	-0.764772598118616	2.97377606047514e-05
rs1972452	0.000576	0.3625	0.985804416403785	-2.06264175775397	3.364e-05	-0.913793103448276	0.998464435896811	-2.82256092951135	-4.88520268726532	4.82867760765893e-07
rs1972453	0.000576	0.379166666666667	0.985804416403785	-2.05654893879148	3.364e-05	-0.896551724137931	0.998464435896811	-2.83814338577906	-4.89469232457054	4.78307194135878e-07
rs199692513	0.0324	1	0.552486187845304	-0.125780844374042	0.00150544	0.0180412371134021	0.935607330398036	-1.37122547554904	-1.49700631992308	1.42989186752582e-05
rs200203036	0.0576	-0.708333333333333	0.409836065573771	-0.16086268599157	0.00480249	-0.930735930735931	0.819970368957265	-0.502159303767481	-0.66302198975905	3.29228928617208e-05
rs200300703	0.003721	0.885245901639344	0.914892157086983	-0.87343570919587	0.00021025	0.462068965517241	0.990479476072696	-2.22141518692999	-3.09485089612586	2.89313109954067e-06
rs200308434	0.3025	-0.218181818181818	0.116788321167883	-0.0593154350333489	0.01535121	0.7409200968523	0.587608310045911	-0.281603348876032	-0.34091878390938	4.54344875032839e-05
rs200507229	0.001024	-0.53125	0.975039001560063	-1.70762941448358	6.889e-05	-1.8433734939759	0.996860431910385	-1.18815626739882	-2.8957856818824	3.53037661597671e-06
rs2005488	0.000121	1.72727272727273	0.996984123027841	-1.41469566436148	7.29e-06	1.85185185185185	0.999666832849003	-2.28932675314862	-3.7040224175101	1.57328819312112e-06
rs200570855	0.008836	0.24468085106383	0.819067900728971	-0.83029845717928	0.00123904	0.480113636363636	0.946391282018122	-1.3539458844662	-2.18424434164548	7.19183169766362e-06
rs200728833	0.01	2.2	0.8	1.13128104378295	0.00070756	-0.12781954887218	0.968665940312324	-1.72361184890775	-0.592330805124802	3.53344861603074e-05
rs200780021	0.003481	-1.66101694915254	0.91994204365125	0.00654738422604306	0.00021316	-0.828767123287671	0.990348977401091	-1.98023265419854	-1.9736852699725	8.87736667344548e-06
rs201468610	0.0441	-0.328571428571429	0.475624256837099	-0.297099389011334	0.00245025	-0.868686868686869	0.899265612962698	-0.808333525070682	-1.10543291408202	2.11524835289032e-05
rs201522618	0.0225	-0.0866666666666667	0.64	-0.508422068210435	0.00119716	1.39306358381503	0.948109250339535	-0.559344567852861	-1.0677666360633	2.19644140634125e-05
rs202233279	0.0289	-0.564705882352941	0.58055152394775	-0.341840460227387	0.01331716	1.47053726169844	0.621572454304925	0.186203625520525	-0.155636834706862	5.46830288447574e-05
rs2074103	5.625e-05	-0.613333333333333	0.998595724762053	-3.09629221676432	3.24e-06	-4.5	0.9998518982981	5.71469479766929	2.61840258090496	0.000876198635530009
rs2086751	0.001444	0.894736842105263	0.96515780330084	-1.29213256090688	8.281e-05	-0.307692307692308	0.996228439457237	-2.74297447035288	-4.03510703125976	1.12984810796044e-06
rs2242308	0.000169	-1.15384615384615	0.995792775523413	-2.07259625276874	1.024e-05	-1.125	0.999532075208565	-3.20108509716885	-5.27368134993759	3.27426684620397e-07
rs2242309	0.000121	1.72727272727273	0.996984123027841	-1.41469566436148	7.84e-06	1.46428571428571	0.999641705787477	-2.89539583182261	-4.31009149618409	8.58214458608222e-07
rs2277662	0.000144	1.58333333333333	0.996412913511359	-1.56623157556511	7.29e-06	1.81481481481481	0.999666832849003	-2.35720536525565	-3.92343694082076	1.26333278500639e-06
rs2285642	5.625e-05	-1.24	0.998595724762053	-2.51639658388694	3.24e-06	-5.22222222222222	0.9998518982981	9.22497731098438	6.70858072709743	0.0523533373148929
rs2291285	5.776e-05	0	0.998558082129405	-3.27089059847306	3.24e-06	-4.33333333333333	0.9998518982981	4.97869270586652	1.70780210739346	0.000352479457729125
rs2306589	5.625e-05	1.24	0.998595724762053	-2.51639658388694	2.89e-06	5.52941176470588	0.999867894825234	10.8192216269168	8.30282504302986	0.25781957053612
rs2306590	5.776e-05	-0.144736842105263	0.998558082129405	-3.26043132493275	3.24e-06	-4.27777777777778	0.9998518982981	4.73953060056373	1.47909927563098	0.000280420289829085
rs2306593	5.625e-05	-0.946666666666667	0.998595724762053	-2.83665732832619	3.24e-06	-5	0.9998518982981	8.08934305612727	5.25268572780108	0.0122083566191013
rs2306594	4e-04	-0.95	0.99009900990099	-1.86077808020281	2.116e-05	-1.43478260869565	0.999033559538232	-2.44263962216218	-4.303417702365	8.63961159777314e-07
rs2306595	0.000289	1.17647058823529	0.992826826180844	-1.78162614649473	1.764e-05	1.5	0.999194198914156	-2.43774334505769	-4.21936949155242	9.39714423806291e-07
rs2411192	5.776e-05	-0.0263157894736842	0.998558082129405	-3.27054483736429	4e-06	3.55	0.999817164744396	1.99663538275317	-1.27390945461112	1.78728139143643e-05
rs2411195	5.776e-05	0.473684210526316	0.998558082129405	-3.1588639992314	4e-06	-3	0.999817164744396	0.195714714757329	-2.96314928447407	3.30039102125057e-06
rs2411196	0.1225	0.248571428571429	0.246153846153846	-0.133678839110716	0.00042025	-1.71219512195122	0.981149525621623	-0.547433671629838	-0.681112510740553	3.2332655525105e-05
rs28379521	0.1764	-0.642857142857143	0.184842883548983	-0.0639926262726044	0.00379456	0.962662337662338	0.852168708577683	-0.560981417693264	-0.624974043965868	3.41996767835034e-05
rs28573110	5.625e-05	0.626666666666667	0.998595724762053	-3.08803715877296	4e-06	3.75	0.999817164744396	2.72650191301658	-0.361535245756374	4.4507378813442e-05
rs28594918	0.000324	-1.66666666666667	0.991965082829084	-1.03425001248369	1.849e-05	-1.18604651162791	0.999155403424776	-2.83556662099179	-3.86981663347548	1.33292210514578e-06
rs28856610	0.000324	-1.66666666666667	0.991965082829084	-1.03425001248369	1.849e-05	-1.30232558139535	0.999155403424776	-2.6910160150339	-3.72526602751759	1.54021837712054e-06
rs2898663	4e-04	-1	0.99009900990099	-1.81251075347014	2.116e-05	-1.39130434782609	0.999033559538232	-2.50401692024346	-4.3165276737136	8.52708575421525e-07
rs34327767	5.625e-05	-0.64	0.998595724762053	-3.07960457265274	4e-06	-3.75	0.999817164744396	2.72650191301658	-0.353102659636161	4.48842780023134e-05
rs34675748	5.776e-05	0.144736842105263	0.998558082129405	-3.26043132493275	4e-06	3.45	0.999817164744396	1.64669937509263	-1.61373194984012	1.27235968272089e-05
rs34712843	0.000324	-0.3	0.991965082829084	-2.36734086546345	1.936e-05	0.113636363636364	0.999115698219997	-3.50890518476776	-5.87624605023121	1.79235299680475e-07
rs34713024	5.776e-05	-0.118421052631579	0.998558082129405	-3.26388893602046	4e-06	-3.55	0.999817164744396	1.99663538275317	-1.26725355326728	1.79921703722852e-05
rs34874411	5.776e-05	0.276315789473684	0.998558082129405	-3.2327704362311	4e-06	3.25	0.999817164744396	0.976821874713889	-2.25594856151722	6.69420131107758e-06
rs34966008	5.776e-05	-0.25	0.998558082129405	-3.23968565840652	4e-06	-3.25	0.999817164744396	0.976821874713889	-2.26286378369263	6.64806911276276e-06
rs35751000	5.625e-05	-0.466666666666667	0.998595724762053	-3.17538099816548	4e-06	-3.35	0.999817164744396	1.30676153907954	-1.86861945908594	9.86083428510704e-06
rs35915570	5.776e-05	-0.25	0.998558082129405	-3.23968565840652	4e-06	-3.25	0.999817164744396	0.976821874713889	-2.26286378369263	6.64806911276276e-06
rs35989249	5.776e-05	0.0526315789473684	0.998558082129405	-3.26950755403798	4e-06	3.55	0.999817164744396	1.99663538275317	-1.2728721712848	1.78913627047443e-05
rs36088009	4e-04	0.9	0.99009900990099	-1.90657015941073	2.304e-05	0.270833333333333	0.998947784666323	-3.39179199104347	-5.2983621504542	3.19444441201355e-07
rs367752659	0.0961	1.58064516129032	0.293901542983101	0.193147260236637	0.01397124	0.428934010152284	0.610230294617529	-0.414963183893762	-0.221815923657125	5.11813042276649e-05
rs368124840	0.0144	0.8	0.735294117647059	-0.429273855992912	0.00090601	-0.182724252491694	0.960227183091527	-1.59625569035611	-2.02552954634902	8.42885291397445e-06
rs368948288	0.002116	1.04347826086957	0.949757811758002	-0.978379685524174	0.00014161	0.378151260504202	0.993567634378146	-2.45216717327149	-3.43054685879566	2.06812702412789e-06
rs369625141	0.1024	-0.08125	0.280898876404494	-0.163949457441852	0.00605284	0.281491002570694	0.783257874786414	-0.733491923209175	-0.897441380651027	2.60429957936966e-05
rs369728819	0.1369	0.0702702702702703	0.226116449971735	-0.127608662996001	0.01378276	0.0229982964224872	0.613455978499259	-0.475092524748317	-0.602701187744318	3.4969947488927e-05
rs372730801	0.0196	0.592857142857143	0.671140939597315	-0.438116832160123	0.00105625	1.48923076923077	0.953935627997301	-0.481034565583935	-0.919151397744057	2.54836950912869e-05
rs373140861	0.0049	0.285714285714286	0.89086859688196	-1.07123931126961	0.00030276	0.557471264367816	0.98634763571545	-1.993655578414	-3.06489488968361	2.98110890637187e-06
rs373480253	0.0729	0.0192592592592593	0.354295837023915	-0.218641208529808	0.00439569	-2.02262443438914	0.832668226764984	0.809338470083383	0.590697261553575	0.000115340370309044
rs3736165	5.776e-05	-0.197368421052632	0.998558082129405	-3.25144153610472	4e-06	-3.4	0.999817164744396	1.47548068563016	-1.77596085047456	1.08181944368117e-05
rs3736166	5.625e-05	1.21333333333333	0.998595724762053	-2.54906175959472	4e-06	4.3	0.999817164744396	4.93984716146949	2.39078540187477	0.000697830083041676
rs3736167	5.776e-05	0.144736842105263	0.998558082129405	-3.26043132493275	4e-06	3.4	0.999817164744396	1.47548068563016	-1.7849506393026	1.07213769895618e-05
rs373712265	0.1089	0.96969696969697	0.268636668905306	-0.0301212845545725	0.00541696	-1.29076086956522	0.801508056418524	-0.140821675154907	-0.170942959709479	5.38524165139027e-05
rs373797320	0.0784	0.303571428571429	0.337837837837838	-0.190555571154052	0.004356	0.498484848484848	0.833928199406855	-0.794057306867554	-0.984612878021606	2.38689239370298e-05
rs374488937	0.1849	0.767441860465116	0.177856825255669	-0.0455444590682956	0.01304164	0.308231173380035	0.626477348301845	-0.462628618176265	-0.508173077244561	3.84368701838029e-05
rs374569954	0.1156	2.61764705882353	0.25706940874036	0.732153251240242	0.00529984	-0.921703296703297	0.804962626730564	-0.475359286202819	0.256793965037423	8.2597895521336e-05
rs374853991	0.0324	0.544444444444445	0.552486187845304	-0.320140028604312	0.00187489	1.38799076212471	0.921052305779805	-0.382272785296475	-0.702412813900787	3.16512430694264e-05
rs376593855	0.0225	0.24	0.64	-0.492393623765991	0.00130321	0.0415512465373961	0.943770995634085	-1.43834656846076	-1.93074019222675	9.266910503302e-06
rs377282366	0.0225	0.733333333333333	0.64	-0.338736734877102	0.00166464	-1.76470588235294	0.929279390462424	0.122465708608218	-0.216271026268884	5.14658875713765e-05
rs377324467	0.001444	1.21052631578947	0.96515780330084	-0.971304482247324	9.409e-05	1.01030927835052	0.995716895127776	-2.21836206428045	-3.18966654652777	2.63142017433077e-06
rs4796217	6.889e-05	0.855421686746988	0.998280711045402	-2.81767814661404	3.24e-06	-0.166666666666667	0.9998518982981	-4.39491884067817	-7.21259698729222	4.71035574976121e-08
rs4796218	1e-04	-0.93	0.997506234413965	-2.56560914258095	6.25e-06	0.04	0.999714349290817	-4.0795706235703	-6.64517976615125	8.30768223370075e-08
rs4796221	5.776e-05	0.473684210526316	0.998558082129405	-3.1588639992314	3.24e-06	-3.55555555555556	0.9998518982981	1.91124583269272	-1.24761816653868	1.83489448351635e-05
rs4796223	5.625e-05	0.653333333333333	0.998595724762053	-3.07099445840368	3.24e-06	4.88888888888889	0.9998518982981	7.54004170459314	4.46904724618945	0.00557605872096505
rs4796224	5.625e-05	-1.18666666666667	0.998595724762053	-2.5810168227871	3.24e-06	-5.44444444444444	0.9998518982981	10.4099869682266	7.82897014543947	0.160517842348584
rs4796225	5.625e-05	0.52	0.998595724762053	-3.14910683509618	4e-06	4.3	0.999817164744396	4.93984716146949	1.7907403263733	0.000382960007086317
rs4796227	0.0484	1.59090909090909	0.452488687782805	0.271436486640668	0.000361	-2.20526315789474	0.983764057054695	0.331849698804218	0.603286185444886	0.000116801559555054
rs527746056	0.0121	2.54545454545455	0.767754318618042	1.75729044116361	0.00247009	1.48490945674044	0.898532716015516	-0.15339683462653	1.60389360653708	0.000317692471386028
rs527954154	0.0169	0.215384615384615	0.70298769771529	-0.590684872767049	0.00126736	-1.75280898876404	0.945233085491575	-0.000296106347422276	-0.590980979114472	3.53822137735283e-05
rs528141208	0.0324	0.722222222222222	0.552486187845304	-0.257934176343211	0.00231361	-0.760914760914761	0.904345800324155	-0.911703675428077	-1.16963785177129	1.98370695228112e-05
rs528567232	0.0729	1.18518518518519	0.354295837023915	0.0301263741301077	0.00391876	-2.34984025559105	0.84806519586976	1.39924978461121	1.42937615874131	0.000266817898055196
rs528629455	0.1521	-0.512820512820513	0.208224882873503	-0.0893589375066367	0.00850084	0.6529284164859	0.72013196696892	-0.483216832835945	-0.572575770342582	3.6039460634164e-05
rs528977425	0.006889	-0.650602409638554	0.853078547207234	-0.778381550209044	0.00042436	-0.174757281553398	0.980968678531781	-1.96585513495852	-2.74423668516756	4.10807090461443e-06
rs529907384	0.003721	-0.475409836065574	0.914892157086983	-1.12852859094211	0.00024649	-0.694267515923567	0.988856745517343	-2.01014234527784	-3.13867093621995	2.76909153580942e-06
rs531036237	0.004225	-0.476923076923077	0.904465799886942	-1.07127257438861	0.00028561	-0.230769230769231	0.987111013458009	-2.14940702328504	-3.22067959767365	2.55106428698372e-06
rs531128893	0.0576	0.958333333333333	0.409836065573771	-0.0754801723303674	0.00335241	-2.02763385146805	0.867105122055699	0.773365798703719	0.697885626373352	0.000128390431004075
rs531302997	0.0484	1.40909090909091	0.452488687782805	0.148030480881721	0.01825201	1.15692079940785	0.545128372842752	-0.0290521945641222	0.118978286317599	7.19641820373595e-05
rs531878126	0.0729	-0.218518518518519	0.354295837023915	-0.210248042211241	0.00330625	0.0852173913043478	0.868694708283174	-1.01196086587026	-1.2222089080815	1.88211517246932e-05
rs532204124	0.008281	-0.0142857142857143	0.828483254282223	-0.881452648129232	0.00053824	0.375	0.975984142675203	-1.79589658744227	-2.6773492355715	4.39224726530028e-06
rs532683544	0.0324	0.833333333333333	0.552486187845304	-0.210188456405963	0.001444	1.09473684210526	0.938072578467058	-0.828780143881732	-1.0389686002877	2.2606141947109e-05
rs532939699	0.0625	1.32	0.390243902439024	0.0926323668868245	0.00367236	-0.216171617161716	0.856245084651104	-0.949816464723061	-0.857184097836236	2.71128053759288e-05
rs532982396	0.2304	-0.875	0.14792899408284	-0.0234136396261992	0.01520289	0.359286293592863	0.589958964616478	-0.407671108530021	-0.43108474815622	4.1517104089348e-05
rs533066942	0.0676	-0.692307692307692	0.371747211895911	-0.143318982743026	0.00323761	-0.528998242530756	0.871069231871014	-0.902360217302785	-1.04567920004581	2.24549490413433e-05
rs534551693	0.0121	0.909090909090909	0.767754318618042	-0.4127258974097	0.00071289	0.295880149812734	0.968437352993264	-1.68549950259369	-2.09822540000339	7.8378521566035e-06
rs534815949	0.0729	0.703703703703704	0.354295837023915	-0.130983461224389	0.00345744	2.04251700680272	0.863509849857003	0.805476476086053	0.674493014861665	0.000125421899746337
rs535343672	0.0676	0.315384615384615	0.371747211895911	-0.213917957688583	0.003025	0.112727272727273	0.878507316364989	-1.04836882887034	-1.26228678655892	1.80817555753406e-05
rs535792437	0.007921	0.157303370786517	0.83470712213852	-0.889691037829258	0.00044944	-0.316037735849057	0.97986655830576	-1.9037520776126	-2.79344311544186	3.91082019981822e-06
rs536014876	0.009216	0.583333333333333	0.812743823146944	-0.699359503943293	0.00050625	-1.18222222222222	0.977379223816934	-1.21142651300929	-1.91078601695258	9.45368129109742e-06
rs536220513	0.0144	-0.035	0.735294117647059	-0.664117605992912	0.00318096	0.214539007092199	0.873038774949428	-1.01184510530622	-1.67596271129914	1.195593162974e-05
rs536776415	0.007225	-0.482352941176471	0.847008999470619	-0.840153686365119	0.00040804	0.212871287128713	0.981687180196168	-1.97783478714267	-2.81798847350779	3.81599622262432e-06
rs536918696	0.04	-0.325	0.5	-0.320167340279973	0.00274576	-0.139312977099237	0.888471596389838	-1.08811621453485	-1.40828355481483	1.56255388651937e-05
rs537583912	0.0289	0.217647058823529	0.58055152394775	-0.420656858296903	0.00154449	0.536895674300254	0.934047193036816	-1.22478511481347	-1.64544197311037	1.23264611435711e-05
rs537585031	0.04	-0.7	0.5	-0.224073590279973	0.00284089	-0.853658536585366	0.885051730588664	-0.759153385663518	-0.983226975943491	2.39020268617241e-05
rs537783063	0.0529	-0.21304347826087	0.430570505920345	-0.271788888971959	0.00251001	-0.520958083832335	0.89706167056444	-1.01508253778241	-1.28687142675437	1.76426419621435e-05
rs538458470	0.1024	-0.296875	0.280898876404494	-0.152498164868116	0.00695556	0.484412470023981	0.758731940245327	-0.621903052176006	-0.774401217044122	2.94528011248641e-05
rs538649484	0.0576	1.20833333333333	0.409836065573771	0.0355170954291954	0.00343396	1.10238907849829	0.864311001620503	-0.473512874161578	-0.437995778732382	4.12311673105467e-05
rs538830616	0.002704	1.80769230769231	0.936680404645935	0.150639171711102	0.00021609	-0.149659863945578	0.990217616569301	-2.30249657586822	-2.15185740415712	7.42856595766667e-06
rs539276327	0.003969	0.53968253968254	0.909731856535286	-1.07000233668484	0.000256	0.36875	0.98843179342966	-2.16254559957006	-3.2325479362549	2.52096635181822e-06
rs539311813	0.0361	0.478947368421053	0.525624178712221	-0.312591081704626	0.00215296	-1.11206896551724	0.91039256856646	-0.643218457157159	-0.955809538861785	2.45664256154425e-05
rs539832114	0.0169	-0.769230769230769	0.70298769771529	-0.39900633365036	0.00088804	-1.68791946308725	0.960985268551673	-0.252949822130386	-0.651956155780745	3.32892353324001e-05
rs540156865	0.2916	-0.240740740740741	0.120627261761158	-0.0607776684841628	0.01713481	-2.06799083269672	0.560740829920259	0.787695377288141	0.726917708803978	0.000132172507718147
rs540253944	0.0289	-1	0.58055152394775	-0.144131529476738	0.00186624	0.856481481481481	0.921387906027412	-0.933667962549057	-1.0777994920258	2.17451500223085e-05
rs540560611	0.008649	-0.0279569892473118	0.822216283993504	-0.86327245370801	0.00101124	0.908805031446541	0.955811831090845	-1.16493389786879	-2.0282063515768	8.40632068707564e-06
rs541124735	0.0121	1.18181818181818	0.767754318618042	-0.193820740448358	0.00064009	0.0869565217391304	0.971568877894722	-1.77646221424897	-1.97028295469733	8.9076217130882e-06
rs541875661	0.0961	-0.483870967741935	0.293901542983101	-0.139594549092825	0.00541696	-0.676630434782609	0.801508056418524	-0.625026669186336	-0.764621218279161	2.97422626429278e-05
rs542060440	0.0196	1.21428571428571	0.671140939597315	-0.0612677703877628	0.000961	-0.670967741935484	0.957914777809846	-1.36840378837132	-1.42967155875909	1.5294888359955e-05
rs542806129	0.1089	0.151515151515152	0.268636668905306	-0.153338930209485	0.006084	1.2025641025641	0.782384899313296	-0.196786647335233	-0.350125577544718	4.5018101285151e-05
rs543022298	0.3364	-0.844827586206897	0.106269925611052	-0.0182515288383002	0.01442401	1.64196502914238	0.602618393215649	0.350915288578777	0.332663759740477	8.91084348260791e-05
rs543144199	0.0441	0.457142857142857	0.475624256837099	-0.273075510732318	0.00315844	-1.4626334519573	0.87382420108947	-0.100354979851364	-0.373430490583681	4.39810890244604e-05
rs543201531	0.004096	2.34375	0.90711175616836	1.30327775600066	0.00023409	-0.496732026143791	0.989411385703358	-2.15192296782558	-0.848645211824922	2.73453097820853e-05
rs544626615	0.0361	-0.842105263157895	0.525624178712221	-0.1865067998332	0.00163216	1.0990099009901	0.930563457458748	-0.771693137308384	-0.958199937141584	2.45077722043459e-05
rs544680976	0.0169	1.38461538461538	0.70298769771529	0.0668790044804835	0.00098596	1.30891719745223	0.956868846333676	-0.752070276539124	-0.68519127205864	3.22010469229326e-05
rs546040463	0.0361	-1.52631578947368	0.525624178712221	0.239379826962713	0.00292681	0.077634011090573	0.881985507591882	-1.06581604169511	-0.8264362147324	2.7959415785175e-05
rs546164445	0.0484	-1.09090909090909	0.452488687782805	-0.0319366108500762	0.00221841	-0.957537154989384	0.907919335844979	-0.776319789419535	-0.808256400269611	2.84723612760265e-05
rs548031547	0.1681	-0.853658536585366	0.192215281114849	-0.0366930471570872	0.02143296	-1.52868852459016	0.505087664220979	0.23847948780913	0.201786440652043	7.81770931263685e-05
rs548219660	0.0484	1.68181818181818	0.452488687782805	0.338748853418276	0.00418609	0.0247295208655332	0.839365433652306	-0.91405497740816	-0.575306123989885	3.59411943732431e-05
rs548898327	0.003481	0.355932203389831	0.91994204365125	-1.20422953993029	0.00023716	-0.357142857142857	0.989274009584651	-2.20445128131322	-3.40868082124352	2.11384680084993e-06
rs548985597	0.1296	1.44444444444444	0.235849056603774	0.111545095502641	0.00741321	-1.53310104529617	0.746875631852715	0.190790631396083	0.302335726898724	8.64465206290741e-05
rs551769342	0.1225	-0.657142857142857	0.246153846153846	-0.0881343493147972	0.00786769	-0.119503945885006	0.735462548419607	-0.659634580585952	-0.747768929900749	3.02477350506293e-05
rs551879528	0.04	-2	0.5	0.653426409720027	0.00205209	0.71523178807947	0.914230753662259	-0.994207038366993	-0.340780628646965	4.54407649504487e-05
rs551964819	0.0256	0.10625	0.609756097560976	-0.467049884884702	0.00166464	0.269607843137255	0.929279390462424	-1.29073520988204	-1.75778509476674	1.10166211108467e-05
rs552030852	0.0841	0.655172413793104	0.32232070910556	-0.125362336701973	0.00606841	-1.22593068035944	0.782821423830826	-0.175264145767831	-0.300626482469804	4.73025286899887e-05
rs552190788	0.0196	0.292857142857143	0.671140939597315	-0.52728269984948	0.00116281	-0.164222873900293	0.949522991732682	-1.48031474901025	-2.00759744885973	8.58136325454998e-06
rs552259594	0.0121	-1	0.767754318618042	-0.346102588769292	0.00146689	-0.631853785900783	0.93715261217016	-1.19644892064595	-1.54255150941524	1.36622796843608e-05
rs552461814	0.0576	-0.916666666666667	0.409836065573771	-0.0914893936418428	0.0036	-0.981666666666667	0.858677322298549	-0.564614205372928	-0.656103599014771	3.31514560319669e-05
rs552595284	0.0289	-0.941176470588235	0.58055152394775	-0.17727720471943	0.00199809	0.868008948545861	0.91629882769071	-0.895063266533805	-1.07234047125323	2.18641818509908e-05
rs552596560	0.007921	-0.0730337078651685	0.83470712213852	-0.897792049067031	0.00039204	0.808080808080808	0.982392616092849	-1.69896992941516	-2.5967619784822	4.76085968835341e-06
rs552632552	0.0121	0.690909090909091	0.767754318618042	-0.546733923932122	0.00074529	-0.0402930402930403	0.967050134418467	-1.70559903173963	-2.25233295567176	6.71844871257718e-06
rs553816176	0.0196	-0.157142857142857	0.671140939597315	-0.54777646782647	0.00098596	-1.36942675159236	0.956868846333676	-0.674532611240502	-1.22230907906697	1.88192664858018e-05
rs553977518	0.1521	-0.333333333333333	0.208224882873503	-0.105170886206104	0.00755161	1.53509781357883	0.743362741990847	0.195830733992782	0.0906598477866778	6.99548535714974e-05
rs554052484	0.003481	-1.55932203389831	0.91994204365125	-0.144089491637563	0.00021316	-0.931506849315068	0.990348977401091	-1.8906803153948	-2.03476980703236	8.3513268479306e-06
rs554627462	0.0961	0.419354838709677	0.293901542983101	-0.148157757421157	0.00398161	-0.0380348652931854	0.846003682577494	-0.934801358820307	-1.08295911624146	2.16332421691794e-05
rs554890529	0.007056	0.226190476190476	0.850051003060184	-0.926984820945247	0.000361	0.905263157894737	0.983764057054695	-1.65716589339347	-2.58415071433872	4.82128033702036e-06
rs555438902	0.1681	0.731707317073171	0.192215281114849	-0.0552742388175053	0.01014049	0.164846077457795	0.683249341495181	-0.565536803299168	-0.620811042116673	3.43423468630512e-05
rs555514584	0.0576	0.03625	0.409836065573771	-0.263408187756142	0.00429025	2.35725190839695	0.836023867284577	1.41872319585708	1.15531500810094	0.000202857800881334
rs555634481	0.006561	1.12345679012346	0.859088078005198	-0.437658900283778	0.00049284	-0.864864864864865	0.977965219820579	-1.54181187233086	-1.97947077261463	8.826154930784e-06
rs556258096	0.0361	0.736842105263158	0.525624178712221	-0.230187479504575	0.00467856	-0.257309941520468	0.823797509815273	-0.840789556433498	-1.07097703593807	2.18940125801773e-05
rs556436434	0.1296	-1.44444444444444	0.235849056603774	0.111545095502641	0.00665856	0.627450980392157	0.766629808435684	-0.57665558182496	-0.465110486322319	4.01282169278289e-05
rs55654069	0.000289	1.11764705882353	0.992826826180844	-1.84861619185987	2.304e-05	0.979166666666667	0.998947784666323	-2.94954948220681	-4.79816567406669	5.26778334352806e-07
rs55703408	5.776e-05	0.486842105263158	0.998558082129405	-3.15255385899633	4e-06	-3.1	0.999817164744396	0.500658950004369	-2.65189490899196	4.50548403041915e-06
rs557282500	0.01	-0.65	0.8	-0.63571895621705	0.00057121	-1.18828451882845	0.974550485164639	-1.14748686417372	-1.78320582039077	1.07401001804327e-05
rs55813593	0.000256	-0.6875	0.993640699523052	-2.2940932043483	1.681e-05	0.219512195121951	0.999232084475828	-3.56184111205027	-5.85593431639858	1.82913104230498e-07
rs55833429	9.216e-05	0.4375	0.997701296213524	-2.94222181114097	6.25e-06	4.08	0.999714349290817	4.2404520769676	1.29823026582663	0.000234023257873797
rs558694933	0.1521	1.05128205128205	0.208224882873503	-0.00167449471868217	0.00826281	0.574257425742574	0.725819867616422	-0.5273075993009	-0.528982094019582	3.76453011571896e-05
rs558828055	0.0289	-1.05882352941176	0.58055152394775	-0.108977025431459	0.00140625	-1.50666666666667	0.939593731371824	-0.336871432128274	-0.445848457559733	4.09086601259208e-05
rs559822568	0.0121	0.481818181818182	0.767754318618042	-0.6408631414255	0.00080089	0.240282685512367	0.964678837722421	-1.64378826111455	-2.28465140254005	6.50479003962025e-06
rs560129207	0.0961	0.170967741935484	0.293901542983101	-0.169704930377322	0.00344569	1.27597955706985	0.863910581206797	-0.293944856934139	-0.463649787311461	4.01868750050709e-05
rs560327920	0.04	-2	0.5	0.653426409720027	0.00245025	-2.04040404040404	0.899265612962698	0.724299144955734	1.37772555467576	0.000253386449544862
rs56037528	0.000289	-1.17647058823529	0.992826826180844	-1.78162614649473	2.209e-05	-1	0.998991126510613	-2.94996490056744	-4.73159104706217	5.63042137057119e-07
rs560510764	0.0121	2.54545454545455	0.767754318618042	1.75729044116361	0.00162409	0.0918114143920595	0.930883048071171	-1.33205426394803	0.425236177215576	9.77512918300261e-05
rs560972573	0.5625	0.786666666666667	0.0663900414937759	-0.0138057114706877	0.00309136	-1.3363309352518	0.876172135297773	-0.262105933518364	-0.275911644989051	4.84861694950658e-05
rs561264171	0.0441	-0.619047619047619	0.475624256837099	-0.231639039195625	0.00188356	-0.237327188940092	0.920716174810515	-1.2414312720015	-1.47307031119713	1.46453067535484e-05
rs561661134	0.0324	-0.477777777777778	0.552486187845304	-0.338965483893856	0.00145161	-2.04461942257218	0.937766526491075	0.571720618824564	0.232755134930708	8.06360138877415e-05
rs561699088	0.0625	-0.0324	0.390243902439024	-0.247143289698541	0.00274576	0.425572519083969	0.888471596389838	-1.01628156970117	-1.26342485939971	1.8061188925799e-05
rs561835050	0.0121	0.209090909090909	0.767754318618042	-0.713197019377943	0.00077841	2.54838709677419	0.965636190399128	1.45017869442394	0.736981675045993	0.000133509403326319
rs562191779	0.007744	-0.0806818181818182	0.837801608579088	-0.906740669149554	0.00056169	-1.23206751054852	0.974964017278625	-1.10372760485472	-2.01046827400428	8.55676298956953e-06
rs562354240	0.0784	-0.0253571428571429	0.337837837837838	-0.2060137852674	0.00362404	0.282392026578073	0.857867734128042	-0.941293161228702	-1.1473069464961	2.02850323355431e-05
rs563931491	0.1936	-1.47727272727273	0.171232876712329	0.0929356871791169	0.01885129	0.599417334304443	0.537106635237594	-0.288637769205432	-0.195702082026316	5.25354487058708e-05
rs564042078	0.0361	0.789473684210526	0.525624178712221	-0.209075150996744	0.00239121	-0.0081799591002045	0.901453662280079	-1.15858404494685	-1.36765919594359	1.6273386465442e-05
rs564099352	0.01	-0.039	0.8	-0.80411055621705	0.001156	0.705882352941176	0.949803771526248	-1.25927837923448	-2.06338893545153	8.11570685375038e-06
rs564707714	0.0484	-0.454545454545455	0.452488687782805	-0.25444137880939	0.00244036	-0.578947368421053	0.899631399946227	-0.998683683316928	-1.25312506212632	1.82481768259222e-05
rs564763793	0.003481	-0.161016949152542	0.91994204365125	-1.25057680678043	0.00021316	-1.88356164383562	0.990348977401091	-0.563563437698537	-1.81414024447897	1.04129475934635e-05
rs564918464	0.04	-1.25	0.5	0.0440514097200274	0.00180625	-1.49411764705882	0.923722127609151	-0.255633309817175	-0.211581900097147	5.17077843106712e-05
rs564933583	0.002809	-1.0377358490566	0.934382956854867	-0.858843415714289	0.00022201	-0.0335570469798658	0.989952311228599	-2.29964894148648	-3.15849235720077	2.71474460280919e-06
rs565720454	0.1444	0.473684210526316	0.216919739696312	-0.0979241712579208	0.00783225	0.421468926553672	0.736339977489699	-0.601147134881315	-0.699071306139236	3.17571828445219e-05
rs566059266	0.0049	0.214285714285714	0.89086859688196	-1.08714767907107	0.00044521	-1.77725118483412	0.980052268568807	-0.409512709840122	-1.4966603889112	1.43038659703265e-05
rs566182965	0.01	0.32	0.8	-0.76375895621705	0.00066049	1.23735408560311	0.970689322132979	-1.02181711728303	-1.78557607350008	1.07146735702407e-05
rs566502711	0.005184	-1.38888888888889	0.885269121813031	-0.228735508797524	0.00038025	0.0358974358974359	0.982913083303287	-2.03408780325546	-2.26282331205298	6.64833817646492e-06
rs566749636	0.006889	1.32530120481928	0.853078547207234	-0.209745073394467	0.00073441	1.81549815498155	0.967515522428186	-0.119014647064244	-0.328759720458711	4.59903005550357e-05
rs567609081	0.0169	0.584615384615385	0.70298769771529	-0.486858997412176	0.00093636	1.38888888888889	0.958949545113902	-0.67156392523399	-1.15842292264617	2.00607930282982e-05
rs567708422	0.0289	0.482352941176471	0.58055152394775	-0.366870467107626	0.00207936	0.280701754385965	0.913189919743246	-1.18603956251706	-1.55291002962469	1.35214891339117e-05
rs567842707	0.0841	0.0272413793103448	0.32232070910556	-0.194420966685656	0.00363609	-1.54726368159204	0.857462503855388	0.0523182011598632	-0.142102765525792	5.54281435838012e-05
rs568092958	0.003721	0.0163934426229508	0.914892157086983	-1.23179510692612	0.000225	-1.97333333333333	0.989818368132159	-0.366386630956459	-1.59818173788258	1.29229978003683e-05
rs568329068	0.0441	0.328571428571429	0.475624256837099	-0.297099389011334	0.00303601	-1.50090744101633	0.878119018101511	-0.0632756155835321	-0.360375004594866	4.45590480749379e-05
rs568399577	0.0625	-1.52	0.390243902439024	0.203461635179507	0.00451584	0.0208333333333333	0.828877126358992	-0.882506832759133	-0.679045197579626	3.23995663884237e-05
rs568469644	0.0324	-0.294444444444444	0.552486187845304	-0.378074344135313	0.00206116	0.0352422907488987	0.913884309140964	-1.22546429124086	-1.60353863537618	1.2853955716629e-05
rs568836225	0.0729	1.85185185185185	0.354295837023915	0.38879623383333	0.004356	-0.996969696969697	0.833928199406855	-0.483226651798692	-0.0944304179653622	5.81345306855434e-05
rs569750155	0.0144	-0.266666666666667	0.735294117647059	-0.638424182790298	0.00099225	0.425396825396825	0.956605628472482	-1.48215791385763	-2.12058209664792	7.66456792266359e-06
rs570432343	0.0225	-0.733333333333333	0.64	-0.338736734877102	0.00470596	0.801749271137026	0.822948284473656	-0.601160347617834	-0.939897082494936	2.49604645403454e-05
rs570666721	0.0289	0.564705882352941	0.58055152394775	-0.341840460227387	0.01557504	-1.30208333333333	0.584096185106373	0.056493841326223	-0.285346618901164	4.8030855068272e-05
rs571631394	0.16	-1	0.2	-0.0115717756571048	0.00316969	1.74600355239787	0.873431660215774	0.297854172370539	0.286282396713434	8.50698457631813e-05
rs571818519	0.0144	1.16666666666667	0.735294117647059	-0.164159476907945	0.00175561	-1.19331742243437	0.925701764321465	-0.640731385568219	-0.804890862476164	2.85683475160271e-05
rs572058366	0.002704	1.32692307692308	0.936680404645935	-0.555161983786713	0.00016384	1.109375	0.992565385940547	-1.84002279688316	-2.39518478066987	5.82410568122882e-06
rs572080972	0.0529	0.739130434782609	0.430570505920345	-0.16394684893053	0.00266256	0.757751937984496	0.891484324567245	-0.85449052073817	-1.0184373696687	2.30750712362669e-05
rs572137472	0.0121	-1.45454545454545	0.767754318618042	0.0821901096333351	0.00484416	-2.46264367816092	0.818691513940639	1.62874628393235	1.71093639356568	0.000353585962364734
rs572208786	0.1849	-0.534883720930233	0.177856825255669	-0.0724778885283213	0.00964324	-1.74134419551935	0.694029151079207	0.460112497567582	0.387634609039261	9.41439361021639e-05
rs572397620	0.2025	0.0126666666666667	0.164948453608247	-0.0901176793839715	0.00982081	0.582240161453078	0.690140809766195	-0.468838543429023	-0.558956222812994	3.65336595247099e-05
rs572653290	0.009604	-0.73469387755102	0.80638658172728	-0.603312202281211	0.00055225	-0.885106382978723	0.975374421016469	-1.46992413865568	-2.07323634093689	8.03618040480419e-06
rs573322152	0.002025	0.222222222222222	0.951814396192742	-1.49284589933864	0.00012544	-0.678571428571429	0.994297937837718	-2.35454688496395	-3.84739278430258	1.36314898431178e-06
rs574470418	0.0729	-1.55555555555556	0.354295837023915	0.209947306501642	0.00368449	0.135090609555189	0.85583870665912	-0.960601954203535	-0.750654647701893	3.01605744440912e-05
rs57470482	0.000676	0.961538461538462	0.983380863408398	-1.59400477692053	4.096e-05	-0.734375	0.99813092459442	-2.87200638503057	-4.4660111619511	7.34312255413956e-07
rs574881543	0.0625	0.236	0.390243902439024	-0.236480608722932	0.00378225	0.370731707317073	0.852577589560859	-0.898636652238046	-1.13511726096098	2.05338137036099e-05
rs576061085	0.0196	1.5	0.671140939597315	0.198970553129563	0.00112896	1.00297619047619	0.950920285216297	-1.02886026121208	-0.829889708082521	2.78630246675312e-05
rs576189781	0.0169	0.761538461538461	0.70298769771529	-0.40314522571679	0.00103684	-0.164596273291925	0.954743813063036	-1.53477501735243	-1.93792024306922	9.2006119131843e-06
rs576247705	0.0961	-0.838709677419355	0.293901542983101	-0.0706301391628677	0.00558009	0.396251673360107	0.796745493704127	-0.734097528130459	-0.804727667293327	2.85730101131697e-05
rs576692367	0.0121	1.27272727272727	0.767754318618042	-0.108162200767832	0.00076729	-0.332129963898917	0.966110459104406	-1.63903844664764	-1.74720064741548	1.11338452389011e-05
rs57705647	5.625e-05	0.6	0.998595724762053	-3.10436974662684	4e-06	3.75	0.999817164744396	2.72650191301658	-0.37786783361026	4.37863622001487e-05
rs577848793	0.003969	0.507936507936508	0.909731856535286	-1.08513015289329	0.00035344	-1.61170212765957	0.984098660763831	-0.792536628343412	-1.8776667812367	9.77202250086524e-06
rs577919565	0.0169	0.623076923076923	0.70298769771529	-0.470532212125001	0.00120409	0.161383285302594	0.947824542823672	-1.46422869299628	-1.93476090512128	9.22972572150923e-06
rs58041549	0.000289	1.05882352941176	0.992826826180844	-1.91217085028321	2.209e-05	0.914893617021277	0.998991126510613	-3.03136752744472	-4.94353837772793	4.55505202645585e-07
rs59380312	0.0961	0.838709677419355	0.293901542983101	-0.0706301391628677	0.00056169	1.84388185654008	0.974964017278625	-0.186330362190289	-0.256960501353157	4.94137999235483e-05
rs59720361	5.776e-05	0.263157894736842	0.998558082129405	-3.236314487596	4e-06	3.25	0.999817164744396	0.976821874713889	-2.25949261288211	6.67051870875208e-06
rs59740918	0.000676	-1	0.983380863408398	-1.55690978872983	4.096e-05	0.6875	0.99813092459442	-2.90526929304012	-4.46217908176995	7.37131597376798e-07
rs60212590	4e-04	-1	0.99009900990099	-1.81251075347014	2.5e-05	-1.28	0.998858375480831	-2.56938672587278	-4.38189747934292	7.98750024891038e-07
rs60520102	0.003136	0.232142857142857	0.927299703264095	-1.28571867396276	0.00014161	-0.907563025210084	0.993567634378146	-2.11402020526884	-3.39973887923161	2.1328334586501e-06
rs60952743	0.000256	0.6875	0.993640699523052	-2.2940932043483	1.681e-05	-0.24390243902439	0.999232084475828	-3.55619405386912	-5.85028725821742	1.83948947152118e-07
rs61738887	0.000441	0.319047619047619	0.989095225142801	-2.20893657713519	2.704e-05	0.192307692307692	0.99876533393731	-3.33000907612763	-5.53894565326282	2.51137315421553e-07
rs61745364	0.0625	-0.48	0.390243902439024	-0.202392023357078	0.00060516	-0.199186991869919	0.973078608535154	-1.78811337372653	-1.9905053970836	8.72929700384994e-06
rs61755368	0.001444	2	0.96515780330084	0.251852567642244	0.00012544	0.910714285714286	0.994297937837718	-2.1711280848877	-1.91927551724545	9.37376397004844e-06
rs62070707	5.776e-05	-0.144736842105263	0.998558082129405	-3.26043132493275	4e-06	-3.45	0.999817164744396	1.64669937509263	-1.61373194984012	1.27235968272089e-05
rs62070728	0.003364	-1.89655172413793	0.922424130615257	0.38068814056555	0.00019881	0.24822695035461	0.99099283531286	-2.32433665707454	-1.94364851650899	9.14805895489208e-06
rs62070730	5.625e-05	0.586666666666667	0.998595724762053	-3.11226974836051	4e-06	4	0.999817164744396	3.69507479136271	0.5828050430022	0.000114433661576858
rs62070737	8.836e-05	0.202127659574468	0.997795868925543	-3.03832818930143	6.25e-06	3.96	0.999714349290817	3.75818987486971	0.719861685568274	0.000131243177974443
rs62079596	0.004096	1.875	0.90711175616836	0.406353290062702	0.00028561	-0.100591715976331	0.987111013458009	-2.17069690754295	-1.76434361748024	1.09446047696137e-05
rs6607288	0.0441	1.38095238095238	0.475624256837099	0.130741346965974	0.00035721	-2.4021164021164	0.983931773059933	0.773267739265814	0.904009086231788	0.000157779631707176
rs6607326	5.625e-05	0.84	0.998595724762053	-2.93181240538796	4e-06	3.8	0.999817164744396	2.91521740286209	-0.0165950025258725	6.28402149949679e-05
rs6607366	0.000256	0.6875	0.993640699523052	-2.2940932043483	1.681e-05	-0.219512195121951	0.999232084475828	-3.56184111205027	-5.85593431639858	1.82913104230498e-07
rs6607368	0.000144	-0.00833333333333333	0.996412913511359	-2.8151728868445	9e-06	-0.233333333333333	0.999588714671713	-3.87090065134139	-6.68607353818589	7.97480251230708e-08
rs6607370	0.000625	0.84	0.984615384615385	-1.73982132725551	3.136e-05	-0.5	0.998568361992746	-3.14964697006618	-4.88946829732169	4.8081242194313e-07
rs67359248	0.000289	-1.05882352941176	0.992826826180844	-1.91217085028321	2.116e-05	-1.08695652173913	0.999033559538232	-2.88077910385003	-4.79294995413324	5.29533040254182e-07
rs7208788	0.000121	-0.409090909090909	0.996984123027841	-2.81850698635213	7.29e-06	0.259259259259259	0.999666832849003	-3.96983663470754	-6.78834362105967	7.1995376029229e-08
rs7211728	0.000256	0.6875	0.993640699523052	-2.2940932043483	1.681e-05	-0.219512195121951	0.999232084475828	-3.56184111205027	-5.85593431639858	1.82913104230498e-07
rs7217095	5.625e-05	0.653333333333333	0.998595724762053	-3.07099445840368	4e-06	3.75	0.999817164744396	2.72650191301658	-0.344492545387102	4.52724052762007e-05
rs7217798	4e-04	-0.95	0.99009900990099	-1.86077808020281	2.116e-05	-1.41304347826087	0.999033559538232	-2.4735643377339	-4.33434241793671	8.37652300291325e-07
rs7219589	4e-04	1	0.99009900990099	-1.81251075347014	2.5e-05	1.46	0.998858375480831	-2.3230682504792	-4.13557900394934	1.0218464473334e-06
rs7220447	4e-04	0.95	0.99009900990099	-1.86077808020281	2.5e-05	1.38	0.998858375480831	-2.43653856193383	-4.29731664213664	8.69248351184294e-07
rs7222689	0.001936	-0.272727272727273	0.95383441434567	-1.50228714816453	9.801e-05	1.17171717171717	0.995539247385362	-2.0228204552677	-3.52510760343223	1.88152502925567e-06
rs7222903	5.625e-05	1.24	0.998595724762053	-2.51639658388694	4e-06	4.4	0.999817164744396	5.3747676281333	2.85837104424636	0.00111383164384811
rs7223633	5.625e-05	-0.813333333333333	0.998595724762053	-2.95382589336494	4e-06	-3.85	0.999817164744396	3.10643243561945	0.152606542254517	7.44253626417339e-05
rs7224434	5.776e-05	-0.0394736842105263	0.998558082129405	-3.27011263597833	4e-06	-3.5	0.999817164744396	1.82041760746697	-1.44969502851135	1.49916774237187e-05
rs7224892	0.0256	1.4375	0.609756097560976	0.159510233255542	0.00020164	-2.23943661971831	0.990865792193369	0.136769405191816	0.296279638447357	8.59245749237587e-05
rs72625919	0.01	1.8	0.8	0.49128104378295	0.00044944	-0.0377358490566038	0.97986655830576	-1.951988878081	-1.46070783429805	1.48274827732162e-05
rs726311	5.776e-05	-0.0657894736842105	0.998558082129405	-3.26872959154324	4e-06	3.5	0.999817164744396	1.82041760746697	-1.44831198407627	1.5012425924494e-05
rs72818318	0.000484	0.0636363636363636	0.988044659618615	-2.21128801700181	3.249e-05	0.175438596491228	0.998516852057025	-3.24142770488789	-5.4527157218897	2.73753973010964e-07
rs72818319	0.000289	-0.941176470588235	0.992826826180844	-2.02897400630449	2.116e-05	-1.04347826086957	0.999033559538232	-2.92704814394206	-4.95602215024655	4.49854126082471e-07
rs72818323	0.000289	-1.17647058823529	0.992826826180844	-1.78162614649473	2.304e-05	-0.875	0.998947784666323	-3.0460190490854	-4.82764519558013	5.11475824639089e-07
rs72818336	0.000289	1.11764705882353	0.992826826180844	-1.84861619185987	2.209e-05	0.936170212765957	0.998991126510613	-3.01169522594938	-4.86031141780925	4.95037787672768e-07
rs72818340	0.000196	-1.14285714285714	0.995123892924669	-2.01182722593672	1.296e-05	-0.916666666666667	0.999407856284877	-3.29599048896865	-5.30781771490537	3.16438149191706e-07
rs72818342	0.000289	-1.11764705882353	0.992826826180844	-1.84861619185987	2.209e-05	-0.978723404255319	0.998991126510613	-2.97099391251074	-4.81961010437061	5.15602134981055e-07
rs72818344	0.000289	-1.11764705882353	0.992826826180844	-1.84861619185987	2.116e-05	-0.91304347826087	0.999033559538232	-3.05452407072624	-4.90314026258612	4.74283504477906e-07
rs72818346	0.000289	-1.17647058823529	0.992826826180844	-1.78162614649473	2.209e-05	-0.829787234042553	0.998991126510613	-3.10553436526624	-4.88716051176097	4.81923315266651e-07
rs72818358	0.25	2	0.137931034482759	0.201652066406381	0.00950625	-0.745641025641026	0.697058961510592	-0.403332933817071	-0.201680867410691	5.22222876272772e-05
rs72818363	0.002704	-0.171153846153846	0.936680404645935	-1.36606082839975	0.000196	0.607142857142857	0.991119012838169	-2.17924692177054	-3.54530775017029	1.84389925011505e-06
rs72818367	0.000289	-1.17647058823529	0.992826826180844	-1.78162614649473	2.209e-05	-1	0.998991126510613	-2.94996490056744	-4.73159104706217	5.63042137057119e-07
rs72818370	0.000289	1.17647058823529	0.992826826180844	-1.78162614649473	2.116e-05	0.739130434782609	0.999033559538232	-3.19805252162399	-4.97967866811871	4.39337033275459e-07
rs72818384	0.000289	-1	0.992826826180844	-1.97229012176475	2.304e-05	-0.979166666666667	0.998947784666323	-2.94954948220681	-4.92183960397157	4.65497121128092e-07
rs72818385	0.000289	-1.05882352941176	0.992826826180844	-1.91217085028321	2.304e-05	-0.979166666666667	0.998947784666323	-2.94954948220681	-4.86172033249003	4.94340812770555e-07
rs73278823	0.0289	-1.17647058823529	0.58055152394775	-0.0326415309331389	0.00025921	-0.347826086956522	0.988288437778856	-2.16380630706534	-2.19644783799848	7.10459955691242e-06
rs73993003	0.003025	0.0981818181818182	0.929692039511912	-1.32295416334506	0.00011664	-0.175925925925926	0.994695833196187	-2.60423840504817	-3.92719256839323	1.25859707591198e-06
rs73993007	0.0576	0.875	0.409836065573771	-0.106787094006142	0.00059049	-0.127572016460905	0.973714069456496	-1.81143730869731	-1.91822440270345	9.38362204974842e-06
rs74479687	4e-04	0.95	0.99009900990099	-1.86077808020281	2.5e-05	1.4	0.998858375480831	-2.40877029909546	-4.26954837929827	8.93724119958236e-07
rs74606914	0.000676	1.03846153846154	0.983380863408398	-1.51836009511989	4.096e-05	-0.671875	0.99813092459442	-2.91586956042778	-4.43422965554767	7.58024616455097e-07
rs74819318	4e-04	0.95	0.99009900990099	-1.86077808020281	2.5e-05	1.36	0.998858375480831	-2.463907281422	-4.32468536162482	8.45780740959083e-07
rs74876899	4e-04	-0.95	0.99009900990099	-1.86077808020281	2.5e-05	-1.38	0.998858375480831	-2.43653856193383	-4.29731664213664	8.69248351184294e-07
rs752493	4e-04	0.95	0.99009900990099	-1.86077808020281	2.116e-05	1.41304347826087	0.999033559538232	-2.4735643377339	-4.33434241793671	8.37652300291325e-07
rs75425289	0.001296	0.5	0.968616815187912	-1.6096644206246	7.744e-05	-0.0454545454545455	0.99647215192698	-2.82250418910381	-4.4321686097284	7.59588551038538e-07
rs75446712	4e-04	1	0.99009900990099	-1.81251075347014	2.5e-05	1.34	0.998858375480831	-2.49087645755998	-4.30338721103012	8.6398750350798e-07
rs75480740	4e-04	0.95	0.99009900990099	-1.86077808020281	2.5e-05	1.36	0.998858375480831	-2.463907281422	-4.32468536162482	8.45780740959083e-07
rs75545710	0.1521	-0.333333333333333	0.208224882873503	-0.105170886206104	9e-04	-1.35	0.960480588817518	-0.74024371616111	-0.845414602367214	2.74337946515609e-05
rs75616795	4e-04	-0.9	0.99009900990099	-1.90657015941073	2.5e-05	-1.44	0.998858375480831	-2.35203514336815	-4.25860530277888	9.03557919265629e-07
rs75849943	4e-04	-0.95	0.99009900990099	-1.86077808020281	2.5e-05	-1.36	0.998858375480831	-2.463907281422	-4.32468536162482	8.45780740959083e-07
rs76036786	4e-04	0.95	0.99009900990099	-1.86077808020281	2.5e-05	1.38	0.998858375480831	-2.43653856193383	-4.29731664213664	8.69248351184294e-07
rs76203149	4e-04	-1	0.99009900990099	-1.81251075347014	2.5e-05	-1.38	0.998858375480831	-2.43653856193383	-4.24904931540397	9.12233694111783e-07
rs76289381	4e-04	-0.8	0.99009900990099	-1.99072857525232	2.5e-05	-1.48	0.998858375480831	-2.29370181424007	-4.28443038949239	8.80522187795219e-07
rs76431813	4e-04	-1	0.99009900990099	-1.81251075347014	2.5e-05	-1.38	0.998858375480831	-2.43653856193383	-4.24904931540397	9.12233694111783e-07
rs76441257	0.000625	0.64	0.984615384615385	-1.88554440417859	3.6e-05	0.233333333333333	0.998356886052831	-3.17840355159878	-5.06394795577736	4.0383143888749e-07
rs76474979	9e-04	-0.0433333333333333	0.97799511002445	-1.9073270606111	5.625e-05	1.50666666666667	0.997435005158123	-1.85078850958589	-3.75811557019699	1.4904449015291e-06
rs76603325	0.000484	0.863636363636364	0.988044659618615	-1.84481327052509	3.136e-05	1.35714285714286	0.998568361992746	-2.35486806970461	-4.1996813402297	9.5839899234478e-07
rs76654913	0.000625	-0.64	0.984615384615385	-1.88554440417859	3.721e-05	-0.262295081967213	0.998301752956279	-3.15473841892793	-5.04028282310651	4.13502141367766e-07
rs76656024	0.0784	1.57142857142857	0.337837837837838	0.211003912436681	4e-04	2.245	0.982041535051959	0.464910098670149	0.67591401110683	0.000125600250482791
rs76842834	0.000289	0.764705882352941	0.992826826180844	-2.17841333827289	1.936e-05	0.590909090909091	0.999115698219997	-3.34092369728294	-5.51933703555583	2.56110369042226e-07
rs76847684	4e-04	0.85	0.99009900990099	-1.9498869910939	2.5e-05	1.42	0.998858375480831	-2.3806024929069	-4.3304894840008	8.40885944774583e-07
rs76903956	4e-04	0.95	0.99009900990099	-1.86077808020281	2.5e-05	1.38	0.998858375480831	-2.43653856193383	-4.29731664213664	8.69248351184294e-07
rs76926015	0.2809	0.069811320754717	0.124649423496416	-0.06626166000963	0.00076176	-2.97463768115942	0.966346487443879	2.57952470851009	2.51326304850046	0.000788753053935527
rs77527696	0.001225	0.571428571428571	0.970285021224985	-1.59963813120816	7.056e-05	-0.273809523809524	0.99678456865084	-2.83253158673651	-4.43216971794467	7.59587709250618e-07
rs77626715	0.000625	-0.68	0.984615384615385	-1.85955055802474	3.6e-05	-0.283333333333333	0.998356886052831	-3.16550810848726	-5.025058666512	4.19845526545416e-07
rs77846814	0.000676	0.961538461538462	0.983380863408398	-1.59400477692053	4.096e-05	-0.671875	0.99813092459442	-2.91586956042778	-4.50987433734832	7.02799172478713e-07
rs77890353	4e-04	0.95	0.99009900990099	-1.86077808020281	2.5e-05	1.28	0.998858375480831	-2.56938672587278	-4.43016480607559	7.61112143331849e-07
rs78099354	0.000676	0.961538461538462	0.983380863408398	-1.59400477692053	4.225e-05	-0.753846153846154	0.998072173152138	-2.84208671277833	-4.43609148969887	7.56614613340016e-07
rs78218182	0.000529	0.608695652173913	0.986947617755188	-1.98655513036479	2.704e-05	-2.05769230769231	0.99876533393731	-1.23404240178322	-3.22059753214801	2.551273650006e-06
rs78580352	4e-04	-0.95	0.99009900990099	-1.86077808020281	2.5e-05	-1.4	0.998858375480831	-2.40877029909546	-4.26954837929827	8.93724119958236e-07
rs78720524	0.004761	-0.173913043478261	0.893635084113402	-1.10692541698447	0.00027225	-1.77575757575758	0.987706510674276	-0.642067877947104	-1.74899329493158	1.11139040579835e-05
rs78868652	0.000484	-0.263636363636364	0.988044659618615	-2.17895200995975	2.916e-05	-0.37037037037037	0.998668662070208	-3.24228964706097	-5.42124165702071	2.82507149767134e-07
rs78954551	4e-04	1	0.99009900990099	-1.81251075347014	2.5e-05	1.38	0.998858375480831	-2.43653856193383	-4.24904931540397	9.12233694111783e-07
rs79010839	0.000225	0.933333333333333	0.994406463642014	-2.15995252510844	1.444e-05	0.5	0.999340279545881	-3.53692964857349	-5.69688217368193	2.14447154600275e-07
rs79121660	4e-04	0.95	0.99009900990099	-1.86077808020281	2.5e-05	1.36	0.998858375480831	-2.463907281422	-4.32468536162482	8.45780740959083e-07
rs79134714	0.000484	0.636363636363636	0.988044659618615	-2.01322997386917	2.704e-05	-1.96153846153846	0.99876533393731	-1.42703607300447	-3.44026604687364	2.0481238732662e-06
rs79146532	0.000529	0.652173913043478	0.986947617755188	-1.95950269093671	3.6e-05	1.13333333333333	0.998356886052831	-2.56441406667629	-4.523916757613	6.92999140260747e-07
rs79177936	0.001296	-1.19444444444444	0.968616815187912	-1.03977991323202	9.025e-05	-0.884210526315789	0.99589097888944	-2.35797737270552	-3.39775728593754	2.13706405740783e-06
rs79247588	0.0841	0.896551724137931	0.32232070910556	-0.0649990647826794	0.000361	1.94736842105263	0.983764057054695	-0.194927340112563	-0.259926404895242	4.92674604809367e-05
rs79543519	0.0729	1.03703703703704	0.354295837023915	-0.0281939282606602	0.00297025	-1.25321100917431	0.88044333833589	-0.370597645339348	-0.398791573600008	4.28797061380404e-05
rs79722151	4e-04	0.9	0.99009900990099	-1.90657015941073	2.5e-05	1.38	0.998858375480831	-2.43653856193383	-4.34310872134456	8.30341278215333e-07
rs79748922	4e-04	-1	0.99009900990099	-1.81251075347014	2.5e-05	-1.38	0.998858375480831	-2.43653856193383	-4.24904931540397	9.12233694111783e-07
rs79832987	4e-04	-1.05	0.99009900990099	-1.76176817921271	2.5e-05	-1.44	0.998858375480831	-2.35203514336815	-4.11380332258086	1.04434188784964e-06
rs79839327	4e-04	-1.05	0.99009900990099	-1.76176817921271	2.5e-05	-1.36	0.998858375480831	-2.463907281422	-4.22567546063472	9.33807258479513e-07
rs79843616	0.001764	-0.785714285714286	0.957762666411263	-1.2865894583304	0.00011236	-0.264150943396226	0.994889470160528	-2.60351653168153	-3.89010599001193	1.30615048122038e-06
rs79938342	0.1024	0.96875	0.280898876404494	-0.0330681372171329	0.00524176	-1.20441988950276	0.806686822801879	-0.236620910862556	-0.269689048079689	4.87888200431253e-05
rs80130551	0.000576	0.4	0.985804416403785	-2.0485478352382	3.721e-05	-0.295081967213115	0.998301752956279	-3.14561660769425	-5.19416444293245	3.54525782762742e-07
rs80231618	0.000441	-0.247619047619048	0.989095225142801	-2.22895398050118	2.704e-05	-0.173076923076923	0.99876533393731	-3.33351805196801	-5.56247203246919	2.45297922922095e-07
rs80295964	4e-04	0.9	0.99009900990099	-1.90657015941073	2.5e-05	1.42	0.998858375480831	-2.3806024929069	-4.28717265231763	8.78110872274371e-07
rs8064426	0.000121	-0.909090909090909	0.996984123027841	-2.48995540035431	6.25e-06	-0.64	0.999714349290817	-3.87562889631497	-6.36558429666929	1.09876962772068e-07
rs8067765	0.000256	0.6875	0.993640699523052	-2.2940932043483	1.369e-05	0.108108108108108	0.999374523372806	-3.68265827124271	-5.97675147559102	1.62096857213703e-07
rs8068351	5.776e-05	0.276315789473684	0.998558082129405	-3.2327704362311	3.24e-06	4.11111111111111	0.9998518982981	4.04056006054978	0.807789624318679	0.000143305664287992
rs8069499	0.000484	-0.909090909090909	0.988044659618615	-1.80500568609831	3.025e-05	-1.30909090909091	0.998618965422621	-2.43678503194113	-4.24179071803944	9.18879320986272e-07
rs8070238	0.000256	-0.625	0.993640699523052	-2.33484799866468	1.444e-05	-0.0263157894736842	0.999340279545881	-3.66150115156397	-5.99634915022865	1.58951061568873e-07
rs8070260	5.625e-05	1.18666666666667	0.998595724762053	-2.5810168227871	3.24e-06	5.5	0.9998518982981	10.7139542891598	8.13293746637269	0.217537755638316
rs8072238	0.000225	0.8	0.994406463642014	-2.27486171646263	1.444e-05	-0.526315789473684	0.999340279545881	-3.52343440241619	-5.79829611887881	1.93765641891565e-07
rs8072769	0.000144	-1.33333333333333	0.996412913511359	-1.92950711694946	1.024e-05	-0.5	0.999532075208565	-3.7086599791107	-5.63816709606016	2.27415427071066e-07
rs8075322	4e-04	1	0.99009900990099	-1.81251075347014	2.116e-05	1.47826086956522	0.999033559538232	-2.37937379183226	-4.1918845453024	9.6590063914542e-07
rs8077251	0.0441	0.666666666666667	0.475624256837099	-0.217079112965918	0.000361	-2.14736842105263	0.983764057054695	0.207898152723518	-0.00918096024240048	6.33078463834243e-05
rs8078390	5.625e-05	-0.613333333333333	0.998595724762053	-3.09629221676432	3.24e-06	-4.55555555555556	0.9998518982981	5.96620075356835	2.86990853680403	0.00112675688722215
rs8079530	4e-04	-0.9	0.99009900990099	-1.90657015941073	2.116e-05	-1.5	0.999033559538232	-2.34703267707405	-4.25360283648478	9.0808926179605e-07
rs8081458	0.000625	0.96	0.984615384615385	-1.63348286571705	3.969e-05	2.55555555555556	0.998188771918794	0.102642573512921	-1.53084029220413	1.38232221861724e-05
rs8081787	4e-04	1	0.99009900990099	-1.81251075347014	2.116e-05	1.41304347826087	0.999033559538232	-2.4735643377339	-4.28607509120404	8.79075181718672e-07
rs868340	5.776e-05	-0.5	0.998558082129405	-3.14607083820688	3.24e-06	3.55555555555556	0.9998518982981	1.91124583269272	-1.23482500551417	1.85851938044916e-05
rs871993	0.0144	-0.116666666666667	0.735294117647059	-0.659563888672651	0.00080656	-0.98943661971831	0.964437669912789	-1.19614925100425	-1.8557131396769	9.98892618144388e-06
rs873944	0.000289	0.488235294117647	0.992826826180844	-2.3503716316448	1.764e-05	2.33333333333333	0.999194198914156	-0.841808166236468	-3.19217979788126	2.62481505765197e-06
rs8882	5.625e-05	0.973333333333333	0.998595724762053	-2.81109327777228	3.24e-06	5.5	0.9998518982981	10.7139542891598	7.90286101138751	0.172827842612522
rs9900762	0.000625	0.56	0.984615384615385	-1.93280594264012	3.136e-05	0.339285714285714	0.998568361992746	-3.21699301871461	-5.14979896135473	3.70608613211413e-07
rs9903355	5.625e-05	1.17333333333333	0.998595724762053	-2.59672806219003	4e-06	4.35	0.999817164744396	5.15605762334546	2.55932956115544	0.000825938072847192
rs9904602	5.625e-05	0.613333333333333	0.998595724762053	-3.09629221676432	3.24e-06	4.88888888888889	0.9998518982981	7.54004170459314	4.44374948782881	0.00543676625696551
rs9906189	5.625e-05	-1.26666666666667	0.998595724762053	-2.48302129566379	3.24e-06	-5.11111111111111	0.9998518982981	8.65098825825769	6.1679669625939	0.0304900963432658
rs9908941	0.003025	0.0272727272727273	0.929692039511912	-1.32708937206956	0.00011449	0.364485981308411	0.994793094678486	-2.56280564742584	-3.8898950194954	1.30642606953154e-06
rs9909180	0.003025	0.06	0.929692039511912	-1.32576167963628	0.00010404	0.352941176470588	0.99526610174441	-2.6145142380459	-3.94027591768217	1.2422376620747e-06
rs9911791	1e-04	0.86	0.997506234413965	-2.62810290816699	6.76e-06	0.5	0.999691047394355	-3.91619995538518	-6.54430286355217	9.18946353363262e-08
