snp	V.df1	z.df1	r.df1	lABF.df1	V.df2	z.df2	r.df2	lABF.df2	internal.sum.lABF	SNP.PP.H4
rs10084649	0.0144	-1	0.735294117647059	-0.296920914816442	9.604e-05	0.714285714285714	0.995622649740494	-2.46167048078883	-2.75859139560528	5.32486501524884e-06
rs1013431	6.4e-05	-4.25	0.998402555910543	5.79714789751707	3.61e-06	0.263157894736842	0.999834765848353	-4.31945317719595	1.47769472032112	0.000368217382820285
rs1060407	6.561e-05	-4.19753086419753	0.998362436014328	5.58793358274581	3.61e-06	0.473684210526316	0.999834765848353	-4.24190366627142	1.34602991647439	0.00032279216822748
rs11130152	6.561e-05	-3.95061728395062	0.998362436014328	4.58363666494447	3.61e-06	0.157894736842105	0.999834765848353	-4.34161018031724	0.242026484627234	0.000107018877299148
rs11130154	6.4e-05	4.25	0.998402555910543	5.79714789751707	4.41e-06	0.428571428571429	0.999798156252748	-4.16219014615099	1.63495775136607	0.000430926054886748
rs111656888	0.001521	-3.33333333333333	0.963367934298307	3.69862842440061	9.025e-05	-1.27368421052632	0.995885462897969	-1.93881618478768	1.75981223961293	0.000488232143796838
rs111774129	0.1024	0.75	0.280898876404494	-0.08587383419747	0.00042436	1.22815533980583	0.980943514005129	-1.24036318562745	-1.32623701982492	2.2303458091367e-05
rs111880118	0.0196	0.535714285714286	0.671140939597315	-0.459757703273669	0.00088209	-0.902356902356902	0.96118631672913	-1.23316920842086	-1.69292691169453	1.54568434332186e-05
rs111905062	0.1024	-1.625	0.280898876404494	0.205997654566575	0.00765625	-0.818285714285714	0.740469828984048	-0.426535003063572	-0.220537348496997	6.73862781648926e-05
rs112164827	0.003249	-0.43859649122807	0.924876875765914	-1.2053555870513	0.00017161	0.740458015267176	0.99220513779678	-2.15514306693205	-3.36049865398335	2.91677952035808e-06
rs112427907	0.000225	0.473333333333333	0.994406463642014	-2.48167616297875	1.521e-05	0.0512820512820513	0.999304188982181	-3.63390222085796	-6.11557838383671	1.85518693911994e-07
rs112745835	0.001369	3.24324324324324	0.966907587807295	3.38104437073143	7.921e-05	1.15730337078652	0.996386962834116	-2.14434728669959	1.23669708403184	0.000289361230945388
rs113262951	0.0196	0.592857142857143	0.671140939597315	-0.438116832160123	0.00088804	-0.959731543624161	0.960934732846113	-1.17870964819885	-1.61682648035898	1.66790305922564e-05
rs113373148	0.16	-0.975	0.2	-0.0165092756571049	0.00093636	0.330065359477124	0.958896485324581	-1.54359822520447	-1.56010750086157	1.76523912672983e-05
rs1137524	6.561e-05	-4.07407407407407	0.998362436014328	5.0781768138618	4e-06	0.65	0.999816918335578	-4.09157780149792	0.986599012363875	0.00022533265341794
rs113905179	0.001444	0.215789473684211	0.96515780330084	-1.65599170561666	0.000121	0.654545454545455	0.994491279612882	-2.3876766325372	-4.04366833815386	1.47301367244367e-06
rs114087090	0.1681	1.70731707317073	0.192215281114849	0.17341735084918	0.00030625	0.171428571428571	0.986174079350858	-2.12611434919635	-1.95269699834717	1.19207640684282e-05
rs114143014	4e-04	-0.48	0.99009900990099	-2.19350085248004	2.5e-05	3.06	0.998856838380006	1.28946919375454	-0.904031658725499	3.40199493761415e-05
rs114173428	0.001444	-0.657894736842105	0.96515780330084	-1.46959059191545	7.396e-05	-0.651162790697674	0.996625625104989	-2.63448149343554	-4.10407208535099	1.38667205619893e-06
rs114201769	0.000841	1.31034482758621	0.979407947895497	-1.10060157877061	5.184e-05	1.58333333333333	0.997632445760111	-1.77244435273731	-2.87304593150791	4.74899409488585e-06
rs114258132	0.0784	2.35714285714286	0.337837837837838	0.732411799915997	0.00151321	-1.58611825192802	0.935214918699433	-0.191946627855342	0.540465172060656	0.000144235002285401
rs114309306	0.000841	1.51724137931034	0.979407947895497	-0.814116019695351	5.476e-05	1.08108108108108	0.997499421623613	-2.41270971808412	-3.22682573777947	3.33393410588269e-06
rs114338362	0.0961	1.12903225806452	0.293901542983101	0.0133198853416704	0.00026244	-0.240740740740741	0.988128439573649	-2.1881707722331	-2.17485088689143	9.5460539556269e-06
rs114436730	0.1156	1.14705882352941	0.25706940874036	0.0205424311977227	0.00026244	-0.216049382716049	0.988128439573649	-2.19374320818253	-2.1732007769848	9.56181899727675e-06
rs114555555	0.0784	2.64285714285714	0.337837837837838	0.973724541228739	0.00151321	-1.50899742930591	0.935214918699433	-0.303563531204591	0.670161010024148	0.000164208960742965
rs114764847	0.000324	-1.66666666666667	0.991965082829084	-1.03425001248369	2.116e-05	-0.565217391304348	0.999032258079397	-3.31069179146852	-4.34494180395221	1.08984660140162e-06
rs114767869	0.000961	1	0.976538658724152	-1.38793130289172	5.776e-05	1.53947368421053	0.997362789931178	-1.78715231071595	-3.17508361360767	3.51097980070091e-06
rs114972739	0.000676	-2.07692307692308	0.983380863408398	0.0723602808225445	4.761e-05	-2.89855072463768	0.997825211471177	1.12625038036881	1.19861066119135	0.00027854772769724
rs115016028	0.000324	1.77777777777778	0.991965082829084	-0.84442953367072	2.116e-05	0.695652173913044	0.999032258079397	-3.22854074567182	-4.07297027934254	1.43047774843065e-06
rs115157161	0.0625	2.88	0.390243902439024	1.37107139127707	0.00150544	-1.52835051546392	0.935526128127611	-0.278120780792368	1.0929506104847	0.000250617874846141
rs115526242	0.0484	2.31818181818182	0.452488687782805	0.914643546960028	0.00126025	-1.34929577464789	0.945454168516603	-0.593710494800652	0.320933052159376	0.000115805471059813
rs115598623	0.001156	-0.294117647058824	0.971911750413063	-1.744164271664	6.724e-05	1.59756097560976	0.996931279696779	-1.62106278203957	-3.36522705370357	2.90302037589282e-06
rs115735055	0.0784	2.57142857142857	0.337837837837838	0.910810862243631	0.00149769	-1.51162790697674	0.935836742892381	-0.30395993960766	0.60685092263597	0.000154135129240095
rs115930226	0.003721	-1.08196721311475	0.914892157086983	-0.69640739608041	0.00022801	-2.21854304635762	0.989669803250387	0.149202380046515	-0.547205016033894	4.86073007878524e-05
rs115974143	0.000225	0.133333333333333	0.994406463642014	-2.58423261626237	1.369e-05	1.32432432432432	0.99937368078569	-2.81145696716494	-5.39568958342731	3.81093386183292e-07
rs116022391	0.005184	-0.388888888888889	0.885269121813031	-1.01564139485355	0.00031329	0.694915254237288	0.985860746307773	-1.89136056839704	-2.9070019632506	4.59044419720305e-06
rs116042069	0.003844	0.129032258064516	0.912325517744731	-1.2094673927263	0.00020449	-0.601398601398601	0.990725515021463	-2.16108116024495	-3.37054855297125	2.88761298665303e-06
rs116068666	0.000529	-0.478260869565217	0.986947617755188	-2.05651833578221	3.844e-05	-1.51612903225806	0.998243354263778	-2.02486989322692	-4.08138822900913	1.41848659999668e-06
rs116122727	0.04	2.95	0.5	1.82905140972003	0.00126736	-0.997191011235955	0.945163310314189	-0.981767463716277	0.84728394600375	0.000196029018851103
rs116174526	0.001764	-0.976190476190476	0.957762666411263	-1.1258764485471	0.00011025	2.42857142857143	0.994978233013106	0.287183794581845	-0.83869265396526	3.63170055369813e-05
rs116494495	0.0016	-1.675	0.961538461538462	-0.280190095933818	8.836e-05	-2.02127659574468	0.995971281689051	-0.722603740375087	-1.00279383630891	3.08206500447138e-05
rs116529784	0.0784	2.64285714285714	0.337837837837838	0.973724541228739	0.00151321	-1.53984575835476	0.935214918699433	-0.259584246363325	0.714140294865413	0.000171591911900459
rs116644309	0.0784	2.57142857142857	0.337837837837838	0.910810862243631	0.00149769	-1.50904392764858	0.935836742892381	-0.307612207942367	0.603198654301264	0.000153573213147102
rs116671432	0.1156	1.14705882352941	0.25706940874036	0.0205424311977227	0.00026244	-0.240740740740741	0.988128439573649	-2.1881707722331	-2.16762834103537	9.61525035434395e-06
rs116786562	0.000225	-1.26666666666667	0.994406463642014	-1.79533682177304	1.6e-05	-4.275	0.999268075348263	5.52120781772521	3.72587099595217	0.00348718379382806
rs11707258	0.001225	-0.145714285714286	0.970285021224985	-1.7477511496114	6.084e-05	-1.93589743589744	0.997222553662015	-1.07446675355833	-2.82221790316973	4.99661585589309e-06
rs11707679	6.561e-05	4.07407407407407	0.998362436014328	5.0781768138618	3.61e-06	-0.526315789473684	0.999834765848353	-4.21559222506489	0.862584588796914	0.00019905145246937
rs117077631	0.001369	2.2972972972973	0.966907587807295	0.847237963676154	0.00010609	1.32038834951456	0.995166800654555	-1.79862378458851	-0.951385820912352	3.24465116037966e-05
rs11711129	6.4e-05	-4.25	0.998402555910543	5.79714789751707	4.41e-06	-0.476190476190476	0.999798156252748	-4.14065254414555	1.65649535337152	0.000440307836634913
rs11711953	0.000196	-2.07142857142857	0.995123892924669	-0.526757130628225	1.156e-05	1.14705882352941	0.999471077010052	-3.11480984797293	-3.64156697860116	2.20210072338833e-06
rs11721050	6.084e-05	3.58974358974359	0.9984813099276	3.18839084813729	4.41e-06	2.28571428571429	0.999798156252748	-1.64229071151396	1.54610013662332	0.000394286930500462
rs11918619	0.001369	0.891891891891892	0.966907587807295	-1.31965208701251	8.281e-05	-1.86813186813187	0.996223374758334	-1.05109394601037	-2.37074603302288	7.84779597305163e-06
rs11918669	0.001369	1.02702702702703	0.966907587807295	-1.19428605572267	8.649e-05	-1.81720430107527	0.996056206902662	-1.12320207478138	-2.31748813050404	8.2770831281752e-06
rs11919665	6.4e-05	-4.25	0.998402555910543	5.79714789751707	4.41e-06	-0.428571428571429	0.999798156252748	-4.16219014615099	1.63495775136607	0.000430926054886748
rs12487579	0.36	-0.8	0.1	-0.0206802578289131	0.00403225	-0.188976377952756	0.844172824981771	-0.914430289040958	-0.935110546869871	3.29789081699611e-05
rs12631365	5.776e-05	4.07894736842105	0.998558082129405	5.03602003973988	4e-06	2.7	0.999816918335578	-0.658456458163133	4.37756358157674	0.0066911587152417
rs13072917	0.000196	-1.35714285714286	0.995123892924669	-1.74527618318905	1.369e-05	-4.37837837837838	0.99937368078569	5.89127008578364	4.14599390259459	0.00530801202142825
rs13074973	6.4e-05	4.25	0.998402555910543	5.79714789751707	3.61e-06	-0.210526315789474	0.999834765848353	-4.33191649145167	1.46523140606539	0.000363656653799565
rs13075457	6.561e-05	-3.95061728395062	0.998362436014328	4.58363666494447	3.61e-06	0.105263157894737	0.999834765848353	-4.34853424379264	0.23510242115183	0.000106280431273492
rs13075795	6.4e-05	-4.25	0.998402555910543	5.79714789751707	4.41e-06	-0.476190476190476	0.999798156252748	-4.14065254414555	1.65649535337152	0.000440307836634913
rs13093830	6.561e-05	-4.07407407407407	0.998362436014328	5.0781768138618	4.41e-06	-0.19047619047619	0.999798156252748	-4.23587141616962	0.842305397692181	0.00019505550426577
rs137940588	0.000225	2.26666666666667	0.994406463642014	-0.0385520693388104	1.681e-05	-0.268292682926829	0.999231050155194	-3.54927959897164	-3.58783166831045	2.32366827344511e-06
rs137980541	0.1024	-1.46875	0.280898876404494	0.138104615591856	0.00209764	1.77510917030568	0.912385919088982	0.220062971793082	0.358167587384938	0.000120198716621145
rs138105543	0.009025	-0.863157894736842	0.815910249872514	-0.542222414810249	0.000441	-0.361904761904762	0.980211058413124	-1.89712440203712	-2.43934681684737	7.32748202698457e-06
rs138123383	0.5184	0.583333333333333	0.0716332378223496	-0.0249766037144408	0.00968256	0.308943089430894	0.69287779376417	-0.557188623417948	-0.582165227132388	4.69373404584733e-05
rs138339297	0.009409	1.23711340206186	0.809569106842883	-0.209730612356275	0.00048841	-1.23076923076923	0.978130161416744	-1.17049110092386	-1.38022171328013	2.11313357270397e-05
rs138343193	0.1681	-2.14634146341463	0.192215281114849	0.336017071102193	0.00844561	-0.0914036996735582	0.721172983863476	-0.635569282648376	-0.299552211546184	6.22666859044299e-05
rs138447330	0.000625	-1.84	0.984615384615385	-0.420436711870894	4.225e-05	-2.16923076923077	0.998069579542189	-0.776769514614102	-1.197206226485	2.53752053805868e-05
rs138593491	0.001936	2.5	0.95383441434567	1.44297221596688	0.00014161	0.873949579831933	0.993559019677058	-2.14310310046614	-0.700130884499259	4.17144617455304e-05
rs138860964	0.0016	1.475	0.961538461538462	-0.583074711318434	9.801e-05	2.62626262626263	0.995533261343718	0.72767520056061	0.144600489242176	9.70842586060617e-05
rs138929434	0.0169	-0.723076923076923	0.70298769771529	-0.423215732471087	0.00083521	-1.02076124567474	0.963173161485796	-1.14897336277256	-1.57218909524365	1.74404053784308e-05
rs138947832	0.001764	-1.5	0.957762666411263	-0.504742383708961	0.00012769	0.0088495575221239	0.994188476593499	-2.57391733936503	-3.07865972307399	3.86638141428963e-06
rs139128804	0.001156	0.0676470588235294	0.971911750413063	-1.78397818251245	6.561e-05	0.345679012345679	0.997005447384166	-2.84591214351116	-4.62989032602361	8.19622370651452e-07
rs139179207	0.0361	0.5	0.525624178712221	-0.307174677425375	0.00042436	-1.16019417475728	0.980943514005129	-1.31997411649355	-1.62714879391892	1.65077499357578e-05
rs139339486	0.006561	-0.0703703703703704	0.859088078005198	-0.977683027879164	0.000361	-0.884210526315789	0.983742527513076	-1.67504246352436	-2.65272549140352	5.91950757908017e-06
rs139388934	0.001089	2.21212121212121	0.973496556255932	0.566652788291342	6.561e-05	-0.950617283950617	0.997005447384166	-2.45499665602514	-1.8883438677338	1.2713124561677e-05
rs139867707	0.008649	-0.56989247311828	0.822216283993504	-0.730075126869187	0.00046225	1.38604651162791	0.979277269774486	-0.997605061969231	-1.72768018883842	1.49288945825313e-05
rs139917949	0.0016	-0.4	0.961538461538462	-1.55212519208766	9.409e-05	0.845360824742268	0.99571114645091	-2.37008293012609	-3.92220812221375	1.66324520282269e-06
rs140167162	0.04	0.7	0.5	-0.224073590279973	0.001369	-1.17567567567568	0.941024867194437	-0.764971160010474	-0.989044750290446	3.12473323375432e-05
rs140341914	0.001024	0.96875	0.975039001560063	-1.38769474209669	6.084e-05	1.57692307692308	0.997222553662015	-1.70322180218547	-3.09091654428215	3.81928110824095e-06
rs140368343	0.1156	1.14705882352941	0.25706940874036	0.0205424311977227	0.00026244	-0.222222222222222	0.988128439573649	-2.19240657658655	-2.17186414538883	9.57460817196695e-06
rs140371849	0.001225	0.971428571428571	0.970285021224985	-1.30023589608731	8.1e-05	0.188888888888889	0.996305616492675	-2.78269719160976	-4.08293308769707	1.41629693044945e-06
rs140407011	0.000841	-0.551724137931034	0.979407947895497	-1.79235939214745	5.625e-05	0.44	0.997431556537501	-2.8856762354143	-4.67803562756175	7.81096271376933e-07
rs140429988	0.001156	-2	0.971911750413063	0.157621523694435	6.889e-05	0.843373493975904	0.996856213214232	-2.52664224082804	-2.3690207171336	7.86134758718572e-06
rs140542363	0.001521	1.12820512820513	0.963367934298307	-1.04030575339028	0.00011236	-2.07547169811321	0.994882616641995	-0.494786408083693	-1.53509216147397	1.80995413135247e-05
rs140719003	0.0961	1.12903225806452	0.293901542983101	0.0133198853416704	0.00026244	-0.240740740740741	0.988128439573649	-2.1881707722331	-2.17485088689143	9.5460539556269e-06
rs140782961	0.0225	0.036	0.64	-0.510410903765991	0.001444	0.447368421052632	0.937994278963644	-1.29639992575816	-1.80681082952415	1.37930925653114e-05
rs140783968	0.1296	0.130555555555556	0.235849056603774	-0.132484975252076	0.00375769	-0.507340946166395	0.853225919468119	-0.849622398102677	-0.982107373354753	3.14648605253021e-05
rs140954586	0.009025	-0.589473684210526	0.815910249872514	-0.70441000353837	0.000484	1.62727272727273	0.978323350258594	-0.620451622228182	-1.32486162576655	2.23341552406061e-05
rs141038755	0.001521	-1	0.963367934298307	-1.17173168788528	9.409e-05	-3.11340206185567	0.99571114645091	2.09998177665321	0.928250088767933	0.000212560966076087
rs141058933	0.004096	-0.065625	0.90711175616836	-1.18622579165673	0.00022201	0.436241610738255	0.989938903648916	-2.20534354528249	-3.39156933693922	2.82754663061837e-06
rs141099330	0.0196	-1.35714285714286	0.671140939597315	0.0620030144362338	0.00106276	-2.12269938650307	0.953605313773927	0.613117358319945	0.675120372756179	0.000165025355268144
rs141183926	0.003025	-0.309090909090909	0.929692039511912	-1.28302504275881	0.00016129	-2.37007874015748	0.992670456645582	0.33012956182332	-0.952895480935494	3.23975653577294e-05
rs141444290	0.004624	0.5	0.896378630333453	-1.02145852096585	0.00023716	-1.94805194805195	0.989259706702992	-0.389802448403623	-1.41126096936947	2.04855096170534e-05
rs141542141	0.001296	-0.805555555555556	0.968616815187912	-1.41646423024954	8.836e-05	-0.861702127659574	0.995971281689051	-2.38738394011552	-3.80384817036506	1.87223066185059e-06
rs141797142	9e-04	0.7	0.97799511002445	-1.6686364873973	5.625e-05	3.61333333333333	0.997431556537501	3.52909425157248	1.86045776417518	0.000539928391161939
rs141946441	0.0784	2.64285714285714	0.337837837837838	0.973724541228739	0.00151321	-1.51156812339332	0.935214918699433	-0.299932582659869	0.67379195856887	0.000164806278789308
rs141969057	0.002809	1.05660377358491	0.934382956854867	-0.840381951098609	0.00016641	2.86046511627907	0.992439546242917	1.61778750406262	0.777405552964006	0.000182798473914167
rs142007699	0.006084	-0.769230769230769	0.867980210051211	-0.755602843176004	0.00055225	-0.251063829787234	0.975342045312754	-1.82058847228338	-2.57619131545939	6.39033978949823e-06
rs142010616	0.0016	0.35	0.961538461538462	-1.57015403824151	9.604e-05	-0.836734693877551	0.995622649740494	-2.36712572271268	-3.9372797609542	1.63836533315507e-06
rs142061337	0.16	0.425	0.2	-0.0935092756571049	0.00436921	0.276853252647504	0.833321403483052	-0.863907852082989	-0.957417127740094	3.22514057000503e-05
rs142088257	0.001369	3.24324324324324	0.966907587807295	3.38104437073143	7.921e-05	1.1123595505618	0.996386962834116	-2.19516666973014	1.18587770100129	0.000275023475267336
rs142178616	0.04	0.65	0.5	-0.240948590279973	0.00135424	-1.22826086956522	0.941623594643548	-0.710143407842933	-0.951091998122906	3.24560465290644e-05
rs142356180	0.0169	-1.07692307692308	0.70298769771529	-0.199341188737141	0.00011236	1	0.994882616641995	-2.14011470840779	-2.33945589714493	8.0972367417778e-06
rs142421648	0.04	0.7	0.5	-0.224073590279973	0.001369	-1.2	0.941024867194437	-0.737781796517504	-0.961855386797476	3.21085827835855e-05
rs142463147	0.0121	-0.290909090909091	0.767754318618042	-0.697492953769847	0.00070225	-2.66415094339623	0.968853153374006	1.70379349867833	1.00630054490848	0.000229816072113165
rs142809723	0.0961	-1.61290322580645	0.293901542983101	0.208285789245653	0.00205209	1.77041942604857	0.914125068739707	0.205178261803667	0.41346405104932	0.00012703248087495
rs142816527	0.001225	0.4	0.970285021224985	-1.68042921052649	7.921e-05	0.157303370786517	0.996386962834116	-2.79927579597819	-4.47970500650468	9.52441826035998e-07
rs142861288	0.1369	-0.159459459459459	0.226116449971735	-0.125292166859512	0.00375769	-0.482871125611746	0.853225919468119	-0.859959363095474	-0.985251529954986	3.13660854399462e-05
rs143165765	0.0841	0.517241379310345	0.32232070910556	-0.151423939816334	0.00998001	-1.33833833833834	0.686401696784112	0.0349028301046295	-0.116521109711705	7.47730591206267e-05
rs143165906	0.0361	0.684210526315789	0.525624178712221	-0.249843785356694	0.001296	-1.43055555555556	0.943993505904163	-0.47520755830064	-0.725051343657334	4.06877642256579e-05
rs143269242	0.01	1.2	0.8	-0.22871895621705	0.00052441	-1.41048034934498	0.976555958671894	-0.905162481280823	-1.13388143749787	2.70340537185284e-05
rs143322215	0.005184	0.388888888888889	0.885269121813031	-1.01564139485355	0.00029241	-1.47953216374269	0.986790644646658	-1.08336501029578	-2.09900640514933	1.02982332611686e-05
rs143338674	0.000841	-1.17241379310345	0.979407947895497	-1.26830044261954	5.476e-05	-1.2027027027027	0.997499421623613	-2.27417825165886	-3.5424786942784	2.43147984900372e-06
rs143343898	0.0289	-0.105882352941176	0.58055152394775	-0.431152988790422	0.00172225	0.339759036144578	0.926919331327066	-1.25459567493724	-1.68574866372766	1.5568195667001e-05
rs143422428	0.005625	-0.586666666666667	0.876712328767123	-0.895744981373362	0.00026569	-2.23926380368098	0.98798319139498	0.266298789129844	-0.629446192243517	4.47697445043396e-05
rs143620723	0.001369	-2.35135135135135	0.966907587807295	0.968719413714762	0.00010609	-1.3495145631068	0.995166800654555	-1.75992962818639	-0.791210214471632	3.80830211294491e-05
rs143727805	0.0529	1.60869565217391	0.430570505920345	0.275576918927667	0.00219024	-1.86538461538462	0.908870670609478	0.383542561626078	0.659119480553745	0.000162405815722281
rs144167513	0.0784	2.57142857142857	0.337837837837838	0.910810862243631	0.00150544	-1.53865979381443	0.935526128127611	-0.263330738114189	0.647480124129442	0.000160526474923278
rs144201830	0.003844	0.870967741935484	0.912325517744731	-0.871024055498413	0.00020164	0.422535211267606	0.990853592295459	-2.25874551785382	-3.12976957335223	3.67373620703146e-06
rs144451104	0.25	-2.2	0.137931034482759	0.259583100889139	0.01083681	0.526416906820365	0.66840624781748	-0.459309730261374	-0.199726629372235	6.88033288528695e-05
rs144518477	0.000225	-0.26	0.994406463642014	-2.55946084635697	1.444e-05	1.18421052631579	0.999339390858986	-2.96046002263618	-5.51992086899315	3.36572361516157e-07
rs144549772	0.002916	1.35185185185185	0.932053313449529	-0.49285063797856	0.00024649	2.75796178343949	0.988841892498693	1.51294588854068	1.02009525056212	0.000233008284375327
rs144777646	0.003025	1.34545454545455	0.929692039511912	-0.485948578469841	0.00025281	2.76729559748428	0.988559071962911	1.54987649084554	1.0639279123757	0.000243448804024968
rs144815380	0.2116	-0.0608695652173913	0.158982511923688	-0.0862768890530456	0.00432964	-0.720364741641337	0.834581232423234	-0.683094833847246	-0.769371722900292	3.89238446067648e-05
rs144860128	0.0784	2.64285714285714	0.337837837837838	0.973724541228739	0.00151321	-1.53727506426735	0.935214918699433	-0.263283178625481	0.710441362603258	0.000170958377464427
rs144919852	0.005041	0.943661971830986	0.888079749561511	-0.699567771892872	0.00032761	-0.646408839779006	0.985224012425757	-1.90154077618508	-2.60110854807795	6.23307761208983e-06
rs145239773	0.1089	-1.45454545454545	0.268636668905306	0.127755178346617	0.00213444	1.77272727272727	0.910985679597026	0.221935472699409	0.349690651046026	0.000119184106221897
rs145240204	0.0484	-1.09090909090909	0.452488687782805	-0.0319366108500762	0.00060516	1.15040650406504	0.97304329790327	-1.16288182400616	-1.19481843485623	2.54358684801706e-05
rs145407011	0.000625	0.96	0.984615384615385	-1.63348286571705	3.969e-05	-0.0634920634920635	0.998186334890432	-3.15419081393988	-4.78767367965692	6.99986015478254e-07
rs145632071	0.000484	-1.31818181818182	0.988044659618615	-1.35487376988776	3.136e-05	-0.892857142857143	0.998566434973714	-2.87576993173952	-4.23064370162728	1.22181206505309e-06
rs145984524	0.0784	2.57142857142857	0.337837837837838	0.910810862243631	0.00149769	-1.48320413436693	0.935836742892381	-0.343791221899507	0.567019640344124	0.000148116392126484
rs146065570	0.1089	-1.39393939393939	0.268636668905306	0.104567072858005	0.00213444	1.72727272727273	0.910985679597026	0.149470702731464	0.254037775589469	0.000108312063040536
rs146087583	0.004096	-0.84375	0.90711175616836	-0.86528628608933	0.00023104	1.96052631578947	0.98953396313809	-0.378092168633431	-1.24337845472276	2.42302124514911e-05
rs146105517	0.002916	-0.62962962962963	0.932053313449529	-1.15976738643962	0.00016384	-2.7890625	0.992555439011439	1.41034388883082	0.2505765023912	0.000107937813463338
rs146208991	0.0036	1.83333333333333	0.917431192660551	0.294732435219185	0.00033124	1.21978021978022	0.985062736373892	-1.36912855131596	-1.07439611609678	2.86909758076876e-05
rs146412846	0.0324	0.494444444444444	0.552486187845304	-0.334489322649739	0.00042436	-0.970873786407767	0.980943514005129	-1.51785720989634	-1.85234653254608	1.31790997841561e-05
rs146617187	0.0576	0.179166666666667	0.409836065573771	-0.257099451701952	0.00303601	-2.37023593466425	0.877974775414688	1.41447546698814	1.15737601528619	0.000267295495971933
rs146651598	0.001369	-2.35135135135135	0.966907587807295	0.968719413714762	0.00010609	-1.3495145631068	0.995166800654555	-1.75992962818639	-0.791210214471632	3.80830211294491e-05
rs146937170	0.001369	-2.37837837837838	0.966907587807295	1.0305195699844	0.00010609	-1.3495145631068	0.995166800654555	-1.75992962818639	-0.72941005820199	4.05108038160571e-05
rs146945356	0.000729	-0.740740740740741	0.98210120552923	-1.74207304173361	4.489e-05	-2.37313432835821	0.997949204192665	-0.284655212619054	-2.02672825435266	1.10701301458534e-05
rs147135866	0.1089	-1.48484848484848	0.268636668905306	0.139719254050848	0.00205209	1.88962472406181	0.914125068739707	0.404593116060555	0.544312370111403	0.000144790971681493
rs147180846	0.003481	-0.440677966101695	0.91994204365125	-1.17317720148472	0.00018496	2.00735294117647	0.991603845944441	-0.392173856965675	-1.5653510584504	1.75600721888352e-05
rs147184728	0.0144	-1.08333333333333	0.735294117647059	-0.233093300437357	9.604e-05	0.755102040816327	0.995622649740494	-2.43181424139637	-2.66490754183372	5.84783329548236e-06
rs147599698	0.001936	2.5	0.95383441434567	1.44297221596688	0.00014161	0.873949579831933	0.993559019677058	-2.14310310046614	-0.700130884499259	4.17144617455304e-05
rs147797537	0.000729	-0.851851851851852	0.98210120552923	-1.65517931367238	4.624e-05	-2.44117647058824	0.997887659836034	-0.106602230855727	-1.76178154452811	1.44283816265274e-05
rs147931548	0.0036	0.583333333333333	0.917431192660551	-1.09097092869519	0.00019044	0.159420289855072	0.991357234446855	-2.36291874290157	-3.45388967159676	2.65671151662531e-06
rs148184141	0.0784	2.39285714285714	0.337837837837838	0.761067687946885	0.00224676	-0.831223628691983	0.90673835930069	-0.872925596640191	-0.111857908693305	7.51225551779233e-05
rs148271746	0.0784	2.57142857142857	0.337837837837838	0.910810862243631	0.00150544	-1.53865979381443	0.935526128127611	-0.263330738114189	0.647480124129442	0.000160526474923278
rs148321995	0.001156	0.170588235294118	0.971911750413063	-1.77206049301236	6.724e-05	-1.59756097560976	0.996931279696779	-1.62106278203957	-3.39312327505193	2.82315621024784e-06
rs148327723	0.0961	1.16129032258065	0.293901542983101	0.0241768101865196	0.00026569	-0.214723926380368	0.98798319139498	-2.18794828949821	-2.16377147931169	9.65240665269222e-06
rs148471211	0.04	0.65	0.5	-0.240948590279973	0.00136161	-1.23306233062331	0.941324541356172	-0.702251841406335	-0.943200431686308	3.27131888699519e-05
rs148673756	0.001369	-2.37837837837838	0.966907587807295	1.0305195699844	0.00010609	-1.35922330097087	0.995166800654555	-1.74684396802132	-0.716324398036912	4.10443980299595e-05
rs148906946	0.003249	1.12280701754386	0.924876875765914	-0.711319324234515	0.00025921	2.75776397515528	0.988272836237415	1.53511327451766	0.823793950283143	0.000191477959483047
rs148959163	0.000625	-1.44	0.984615384615385	-1.06634440417859	4.225e-05	-2.09230769230769	0.998069579542189	-0.940358433864507	-2.00670283804309	1.12940486584593e-05
rs149261494	0.1225	1.08571428571429	0.246153846153846	0.00379657690184335	0.00570025	0.682119205298013	0.793052486108009	-0.603146685472072	-0.599350108570229	4.61376190673879e-05
rs149468385	0.0729	2.66666666666667	0.354295837023915	1.04101161557008	0.00367236	-0.366336633663366	0.856079197607348	-0.911802060301704	0.129209555268381	9.56014811271157e-05
rs149754531	0.007569	0.218390804597701	0.840883768841052	-0.89900738136243	0.00072361	0.223048327137546	0.967936151347617	-1.69593536588516	-2.59494274724759	6.27162825286071e-06
rs149948138	0.0324	0.555555555555556	0.552486187845304	-0.316763724123035	0.00150544	-0.399484536082474	0.935526128127611	-1.296098289699	-1.61286201382204	1.67452852964097e-05
rs149984338	0.0729	2.03703703703704	0.354295837023915	0.516371895313135	0.00318096	1.57801418439716	0.872889390242451	0.055454675857963	0.571826571171098	0.000148830091354926
rs150035876	0.002809	0.641509433962264	0.934382956854867	-1.16969456316209	0.00016129	1.66929133858268	0.992670456645582	-1.0748662543794	-2.24456081754149	8.90326390216256e-06
rs150038509	0.001521	0.846153846153846	0.963367934298307	-1.30854133535959	0.00011236	-1.89622641509434	0.994882616641995	-0.848918930801712	-2.1574602661613	9.7135176880317e-06
rs150091422	0.003025	-1.27272727272727	0.929692039511912	-0.574461407355603	0.00026569	-2.76073619631902	0.98798319139498	1.5543136858871	0.979852278531501	0.0002238175108606
rs150355720	0.003249	-0.807017543859649	0.924876875765914	-0.993137762833547	0.00017161	-0.122137404580153	0.99220513779678	-2.41974459441454	-3.41288235724808	2.76792073288631e-06
rs150372464	0.2209	0.851063829787234	0.153315446531238	-0.0276896127347246	0.00683929	0.0278113663845224	0.761559828380777	-0.716523903796139	-0.744213516530864	3.99155208143895e-05
rs150491017	0.1156	1.14705882352941	0.25706940874036	0.0205424311977227	0.00026896	-0.274390243902439	0.987837092470959	-2.16749503222505	-2.14695260102733	9.81612220205369e-06
rs150619901	0.002304	-1.10416666666667	0.94553706505295	-0.878725607005571	0.00015625	0.664	0.992897864043578	-2.25479750228987	-3.13352310929544	3.65997255347636e-06
rs150654461	0.0484	1.5	0.452488687782805	0.20786369579515	0.00229441	0.123173277661795	0.904948441407736	-1.16980312291437	-0.961939427119219	3.21058844813423e-05
rs150866596	0.2401	-2.44897959183673	0.142806140664049	0.351194399144108	0.01036324	0.454813359528487	0.678234331190665	-0.496817721090152	-0.145623321946044	7.26283568422829e-05
rs150954193	0.0121	1	0.767754318618042	-0.346102588769292	0.00075076	-0.427007299270073	0.966773082365277	-1.61405908179373	-1.96016167056302	1.18321107676666e-05
rs151060310	0.0196	-1.35714285714286	0.671140939597315	0.0620030144362338	0.00107584	-2.10060975609756	0.953061110018903	0.573265939670226	0.63526895410646	0.000158578178543554
rs151165198	0.0016	0.4	0.961538461538462	-1.55212519208766	9.604e-05	-0.877551020408163	0.995622649740494	-2.33229344342147	-3.88441863550914	1.72730108198829e-06
rs151240292	0.003136	-1.16071428571429	0.927299703264095	-0.686049095448863	0.000196	0.4	0.991107148113318	-2.28196517002528	-2.96801426547414	4.31874345114937e-06
rs151338620	0.001024	1.125	0.975039001560063	-1.22820349916572	5.929e-05	-1.48051948051948	0.997293122179464	-1.86297738999064	-3.09118088915636	3.81827163428735e-06
rs1530646	6.4e-05	-4.25	0.998402555910543	5.79714789751707	4.41e-06	-0.476190476190476	0.999798156252748	-4.14065254414555	1.65649535337152	0.000440307836634913
rs1550914	6.4e-05	4.25	0.998402555910543	5.79714789751707	3.24e-06	0.444444444444444	0.999851698693081	-4.30938146303722	1.48776643447984	0.000371944701785886
rs17079872	0.1156	1.20588235294118	0.25706940874036	0.0383327016987857	0.00026569	-0.208588957055215	0.98798319139498	-2.18923119138022	-2.15089848968143	9.77746519510947e-06
rs17079882	0.000729	1.11111111111111	0.98210120552923	-1.40527564614745	4.624e-05	-0.485294117647059	0.997887659836034	-2.96247298051839	-4.36774862666585	1.06527196308933e-06
rs17079910	0.000361	2.36842105263158	0.991055722107976	0.42125239689105	2.025e-05	1.71111111111111	0.999073837924747	-2.02963589393903	-1.60838349704798	1.68204475195064e-05
rs17498376	0.000484	1.31818181818182	0.988044659618615	-1.35487376988776	3.136e-05	0.910714285714286	0.998566434973714	-2.85968970056408	-4.21456347045184	1.24161789994319e-06
rs17729010	0.000196	0.571428571428571	0.995123892924669	-2.49923484696105	1.225e-05	-0.2	0.999439524041755	-3.72337331440897	-6.22260816137002	1.6668834565789e-07
rs180882321	0.004624	-0.0485294117647059	0.896378630333453	-1.13245031739547	0.00027556	-2.65060240963855	0.987542345485859	1.27637472580653	0.143924408411066	9.70186439827095e-05
rs181253352	0.1521	-1.76923076923077	0.208224882873503	0.209151487940881	0.00600625	-0.347096774193548	0.784339007863352	-0.719776712454467	-0.510625224513586	5.04182661544356e-05
rs181402445	0.0625	-0.48	0.390243902439024	-0.202392023357078	0.00266256	0.116279069767442	0.891353942312237	-1.10380400969913	-1.30619603305621	2.2754950464822e-05
rs181409282	0.04	0.75	0.5	-0.205948590279973	0.00153664	-0.650510204081633	0.934277736364599	-1.16348264097633	-1.3694312312563	2.13605876704303e-05
rs181415163	0.003136	0.171428571428571	0.927299703264095	-1.29707927810798	0.00035721	1.56084656084656	0.983910462279429	-0.866271035037837	-2.16335031314582	9.65647277599022e-06
rs181727921	0.0169	1	0.70298769771529	-0.255497010743984	0.00116964	-1.51461988304094	0.949176611195569	-0.400958907282887	-0.65645591802687	4.3576710273767e-05
rs181861909	0.004096	-2.03125	0.90711175616836	0.683181828932441	0.00035344	-0.952127659574468	0.984077567739413	-1.6239568421978	-0.940775013265359	3.27926283388778e-05
rs182244001	0.0121	-1.54545454545455	0.767754318618042	0.186883880353978	0.00073441	0.645756457564576	0.967473159045374	-1.5111259953886	-1.32424211503463	2.23479957762037e-05
rs182443977	0.0576	1.29166666666667	0.409836065573771	0.0782083522597966	0.00251001	1.91017964071856	0.896937214810497	0.500157636901392	0.578365989161189	0.000149806542764011
rs182500657	0.002704	0.634615384615385	0.936680404645935	-1.1911624360537	0.000144	0.933333333333333	0.993451024984424	-2.08152025077157	-3.27268268682527	3.18450248383412e-06
rs182591488	0.0784	2.14285714285714	0.337837837837838	0.569525699529897	0.00222784	-0.980932203389831	0.907451032947086	-0.753421309833206	-0.183895610303309	6.99012231270068e-05
rs182606015	0.0025	0.3	0.941176470588235	-1.37425373085164	0.00015625	0.096	0.992897864043578	-2.46910457726503	-3.84335830811667	1.79970083716436e-06
rs182621795	0.25	-0.134	0.137931034482759	-0.0729716577315505	0.00954529	-1.52917093142272	0.695907833899654	0.218430598937727	0.145458941206177	9.71676365614001e-05
rs182774959	0.0529	-1.34782608695652	0.430570505920345	0.109534606625681	0.00254016	0.176587301587302	0.895828197135746	-1.11688955713039	-1.00735495050471	3.06803936461513e-05
rs183024395	0.0484	0.5	0.452488687782805	-0.244624991987655	0.00241081	-1.11201629327902	0.90060558139946	-0.597494127469869	-0.842119119457524	3.61927795203475e-05
rs183271800	0.004489	-0.0432835820895522	0.899098653599766	-1.14596378740892	0.00038025	1.36923076923077	0.982890444960286	-1.11270108508483	-2.25866487249375	8.7785731683084e-06
rs183312692	0.0961	0.709677419354839	0.293901542983101	-0.0999897105742909	0.00357604	-0.204013377926421	0.859322976333423	-0.962761176437405	-1.0627508870117	2.90270417783958e-05
rs183343089	0.0064	-0.4	0.862068965517241	-0.921535217191912	0.00080656	0.313380281690141	0.96439144039363	-1.62022952383017	-2.54176474102208	6.61416801128431e-06
rs183460411	0.001764	-1.64285714285714	0.957762666411263	-0.289734438188065	0.00012769	-0.168141592920354	0.994188476593499	-2.55990262201936	-2.84963706020743	4.86147406472226e-06
rs183489017	0.001521	0.207692307692308	0.963367934298307	-1.63263768982427	8.836e-05	1.28723404255319	0.995971281689051	-1.9320054908145	-3.56464318063877	2.37818020863135e-06
rs183490179	0.0196	2.64285714285714	0.671140939597315	1.78779400197219	0.00132496	1.0989010989011	0.942813571758981	-0.861456223211105	0.926337778761083	0.000212154872026206
rs183777345	0.0169	-1.07692307692308	0.70298769771529	-0.199341188737141	0.00128164	-2.68156424581006	0.944579679733049	1.94973106803845	1.75038987930131	0.000483653449550733
rs183951581	0.003844	1.7741935483871	0.912325517744731	0.218829944887593	0.00033124	1.28571428571429	0.985062736373892	-1.28776363020985	-1.06893368532225	2.88481271001602e-05
rs183954417	0.009604	1.22448979591837	0.80638658172728	-0.216407853197568	0.000484	0.968181818181818	0.978323350258594	-1.45723139273087	-1.67363924592844	1.57578635186383e-05
rs184044766	0.01	-0.38	0.8	-0.74695895621705	0.00054289	0.313304721030043	0.975749834457364	-1.81177618973537	-2.55873514595242	6.50286995945004e-06
rs184388	6.561e-05	-4.07407407407407	0.998362436014328	5.0781768138618	3.61e-06	0.421052631578947	0.999834765848353	-4.2654454820878	0.812731331774005	0.000189371385460533
rs184826916	0.1156	-1.14705882352941	0.25706940874036	0.0205424311977227	0.00565504	-0.441489361702128	0.794356301676258	-0.713389985832044	-0.692847554634322	4.20193910328927e-05
rs184852236	0.001024	1.6875	0.975039001560063	-0.456932413947311	7.569e-05	1.80459770114943	0.996546967575115	-1.21158732948129	-1.6685197434286	1.58387427944923e-05
rs184928807	0.002601	-0.313725490196078	0.938945095185559	-1.35178365306106	0.00016384	0.3671875	0.992555439011439	-2.38322432350417	-3.73500797656522	2.00565518123955e-06
rs185463226	0.0196	-0.485714285714286	0.671140939597315	-0.476895766552672	0.00091809	-0.066006600660066	0.95966613807271	-1.60319138731004	-2.08008715386271	1.04949228672297e-05
rs185468548	0.003364	-0.53448275862069	0.922424130615257	-1.1464941410818	0.00037249	-1.78238341968912	0.983233756177773	-0.482380789372403	-1.6288749304542	1.64792798841456e-05
rs185485417	0.0025	0.042	0.941176470588235	-1.41577655438105	0.000196	1.76428571428571	0.991107148113318	-0.818742109240531	-2.23451866362158	8.99312227933996e-06
rs185490081	0.0256	-0.475	0.609756097560976	-0.401703562476166	0.00106929	0.755351681957186	0.95333355029073	-1.26039973060527	-1.66210329308144	1.59406980468035e-05
rs185631258	0.003969	-0.19047619047619	0.909731856535286	-1.1859822609496	0.00021316	1.34246575342466	0.990336093963419	-1.42727974569962	-2.61326200664923	6.15778263554333e-06
rs186375849	0.1444	0.115789473684211	0.216919739696312	-0.120805898924501	0.00682276	-2.00484261501211	0.76199896094055	0.813646872122324	0.692840973197822	0.000167975767987156
rs186403140	0.01	0.95	0.8	-0.44371895621705	0.00051984	-0.271929824561403	0.976755514118295	-1.84473017237946	-2.28844912859651	8.5209652700775e-06
rs186463646	0.003364	0.344827586206897	0.922424130615257	-1.22340851939261	0.00017956	-1.91044776119403	0.991846977324817	-0.594656440410969	-1.81806495980358	1.36387335222133e-05
rs186646373	0.004225	0.476923076923077	0.904465799886942	-1.07127257438861	0.00023409	-0.294117647058824	0.989397264046497	-2.23052760186375	-3.30180017625236	3.09311471430641e-06
rs186755812	0.0169	0.4	0.70298769771529	-0.550751843784406	0.00669124	-0.43520782396088	0.765511021585735	-0.652677213405003	-1.20342905718941	2.52177900658147e-05
rs186990078	0.0324	-0.944444444444445	0.552486187845304	-0.155621919334822	0.00150544	0.878865979381443	0.935526128127611	-1.00944489110277	-1.1650668104376	2.62039967591733e-05
rs187061885	0.0529	1.56521739130435	0.430570505920345	0.245868367952066	0.00218089	-1.83511777301927	0.909224382087087	0.331295759635816	0.577164127587882	0.000149626604189122
rs187624794	0.0169	-1.30769230769231	0.70298769771529	-0.0059155796024607	0.011449	-1.78317757009346	0.65611569165384	0.509407834948695	0.503492255346234	0.000138999594099182
rs187695257	0.003721	0.901639344262295	0.914892157086983	-0.860035649383658	0.000225	-0.06	0.989804783660274	-2.29113667889027	-3.15117232827393	3.5959435890811e-06
rs187703175	0.003025	1.72727272727273	0.929692039511912	0.0594195286752459	0.00016641	1.74418604651163	0.992439546242917	-0.932819701857527	-0.873400173182281	3.5078155434898e-05
rs188225806	0.2809	1.60377358490566	0.124649423496416	0.0937393428657601	0.023409	0.332679738562091	0.482710313956297	-0.302863942991576	-0.209124600125816	6.81597461033514e-05
rs188285112	0.003249	1	0.924876875765914	-0.831874989635212	0.000169	0.0384615384615385	0.992322778962408	-2.43401485413123	-3.26588984376644	3.20620794686685e-06
rs188479108	0.005625	0.306666666666667	0.876712328767123	-1.00539246995784	0.00029241	-1.83625730994152	0.986790644646658	-0.499764448988133	-1.50515691894597	1.86495466723995e-05
rs188616585	0.09	1	0.307692307692308	-0.0300162362165048	0.00330625	-0.0730434782608696	0.868540981915799	-1.01221307780267	-1.04222931401918	2.96288765117239e-05
rs188643386	0.001521	1.33333333333333	0.963367934298307	-0.797088602324825	9.604e-05	0.36734693877551	0.995622649740494	-2.64847931198754	-3.44556791431236	2.67891227156865e-06
rs188990622	0.0841	1	0.32232070910556	-0.0333802080630496	0.00334084	0.0242214532871972	0.867348096616682	-1.00975899742417	-1.04313920548722	2.96019297109695e-05
rs189052248	0.005476	-1.89189189189189	0.879584835957428	0.515724277073243	0.00031684	-1.69662921348315	0.985702820063893	-0.705148718763598	-0.189424441690355	6.95158174538361e-05
rs189058060	0.004225	-0.384615384615385	0.904465799886942	-1.10723713163855	0.00022801	1.24503311258278	0.989669803250387	-1.51929470656576	-2.62653183820431	6.07660966417686e-06
rs189133300	0.04	0.65	0.5	-0.240948590279973	0.00135424	-1.24184782608696	0.941623594643548	-0.694342370960051	-0.935290961240023	3.29729588377039e-05
rs189145360	0.4356	-0.393939393939394	0.0841042893187553	-0.0374003883045904	0.011236	-0.521698113207547	0.66034035636444	-0.450043544193664	-0.487443932498254	5.16006786809273e-05
rs189532431	0.0121	-1.90909090909091	0.767754318618042	0.669109733370268	0.00075076	0.839416058394161	0.966773082365277	-1.36159398420845	-0.692484250838182	4.20346596105645e-05
rs189713118	0.006724	-0.118292682926829	0.856091088091773	-0.963297658587508	0.00039601	1.50251256281407	0.982193942015763	-0.905435250684632	-1.86873290927214	1.29649018471232e-05
rs189759944	0.1156	1.17647058823529	0.25706940874036	0.0293263772576226	0.00026244	-0.216049382716049	0.988128439573649	-2.19374320818253	-2.1644168309249	9.64617946606606e-06
rs189953128	0.0121	-1.81818181818182	0.767754318618042	0.539035654596137	0.00079524	0.790780141843972	0.964873648602049	-1.3727180601222	-0.833682405526066	3.64994193449494e-05
rs189964866	0.008281	0.230769230769231	0.828483254282223	-0.859476982241131	0.00051076	1.56637168141593	0.97715224712584	-0.690719844419045	-1.55019682666018	1.78282081589097e-05
rs190240664	0.0144	-0.816666666666667	0.735294117647059	-0.419367810241278	0.00199809	0.988814317673378	0.916195457457662	-0.791727258660655	-1.21109506890193	2.50252092981435e-05
rs191186957	0.003721	0.688524590163935	0.914892157086983	-1.01505835968824	0.00017956	-1.45522388059701	0.991846977324817	-1.35447773115454	-2.36953609084278	7.85729709916776e-06
rs191208396	0.0121	1.18181818181818	0.767754318618042	-0.193820740448358	0.00069696	-1.41287878787879	0.969080525841446	-0.770932432707495	-0.964753173155853	3.20156736508316e-05
rs191359564	0.0289	0.647058823529412	0.58055152394775	-0.312873148894077	0.00151321	0.413881748071979	0.935214918699433	-1.28823969450558	-1.60111284339965	1.69431888317157e-05
rs191927129	0.0169	1.30769230769231	0.70298769771529	-0.0059155796024607	0.00101124	0.418238993710692	0.955754902771789	-1.47541318895958	-1.48132876856204	1.90992676057441e-05
rs192074616	0.0841	0.0931034482758621	0.32232070910556	-0.193143584037126	0.00431649	-2.0806697108067	0.835000745603213	0.90652979296117	0.713386208924044	0.000171462565627274
rs192195508	0.0289	0.164705882352941	0.58055152394775	-0.426532682544471	0.00123904	-1.75852272727273	0.946322898633705	0.00082110537954172	-0.425711577164929	5.48864870373535e-05
rs192428314	0.001089	-2.18181818181818	0.973496556255932	0.501842411497444	6.4e-05	0.75	0.997078715872653	-2.63743760602727	-2.13559519452983	9.92824338987196e-06
rs192672292	0.1369	0.648648648648649	0.226116449971735	-0.0805982437184587	0.00499849	-1.55728429985856	0.813785618985675	0.146341404139308	0.065743160420849	8.9722530893278e-05
rs200266531	0.0361	1.05263157894737	0.525624178712221	-0.081673168621898	0.00161604	0.201492537313433	0.931115716899975	-1.3187623229336	-1.40043549155549	2.07084797485236e-05
rs202038536	0.0324	0.0327777777777778	0.552486187845304	-0.401727147491155	0.001369	-2.75675675675676	0.941024867194437	2.16043731820072	1.75871017070956	0.000487694374717257
rs2034330	0.0144	-2.08333333333333	0.735294117647059	0.931122385837153	0.00114244	-2.51183431952663	0.950299769403893	1.49699584938826	2.42811823522541	0.000952506558799447
rs2053767	6.4e-05	4.25	0.998402555910543	5.79714789751707	3.61e-06	-0.210526315789474	0.999834765848353	-4.33191649145167	1.46523140606539	0.000363656653799565
rs20565	0.0169	-1	0.70298769771529	-0.255497010743984	0.00011025	0.857142857142857	0.994978233013106	-2.28148450084995	-2.53698151159393	6.64588087885531e-06
rs2121754	6.4e-05	-4.25	0.998402555910543	5.79714789751707	3.61e-06	0.263157894736842	0.999834765848353	-4.31945317719595	1.47769472032112	0.000368217382820285
rs2166770	6.4e-05	4.25	0.998402555910543	5.79714789751707	3.61e-06	-0.157894736842105	0.999834765848353	-4.34161018031724	1.45553771719983	0.000360148510240761
rs2166772	6.4e-05	4.25	0.998402555910543	5.79714789751707	3.61e-06	-0.210526315789474	0.999834765848353	-4.33191649145167	1.46523140606539	0.000363656653799565
rs2230169	0.000225	2.4	0.994406463642014	0.270818830460926	1.225e-05	-0.857142857142857	0.999439524041755	-3.37622105524181	-3.10540222478088	3.76435500381993e-06
rs2631721	6.561e-05	-4.07407407407407	0.998362436014328	5.0781768138618	4.41e-06	-0.19047619047619	0.999798156252748	-4.23587141616962	0.842305397692181	0.00019505550426577
rs28416632	0.0169	-1.15384615384615	0.70298769771529	-0.139025676211273	0.00011236	1.09433962264151	0.994882616641995	-2.04183064784597	-2.18085632405724	9.48889752487173e-06
rs28429841	0.0196	-1.57142857142857	0.671140939597315	0.272590605177228	0.000225	1.38	0.989804783660274	-1.35042621249955	-1.07783560732232	2.85924629622964e-05
rs28637561	6.4e-05	4.25	0.998402555910543	5.79714789751707	4.41e-06	0.428571428571429	0.999798156252748	-4.16219014615099	1.63495775136607	0.000430926054886748
rs2882668	6.561e-05	4.07407407407407	0.998362436014328	5.0781768138618	3.61e-06	-0.578947368421053	0.999834765848353	-4.18651115846819	0.891665655393612	0.000204925072642839
rs319681	6.561e-05	-4.07407407407407	0.998362436014328	5.0781768138618	4.41e-06	-0.142857142857143	0.999798156252748	-4.24380632217163	0.834370491690175	0.000193513881578527
rs319682	6.561e-05	4.07407407407407	0.998362436014328	5.0781768138618	3.61e-06	-0.526315789473684	0.999834765848353	-4.21559222506489	0.862584588796914	0.00019905145246937
rs319684	6.561e-05	-4.07407407407407	0.998362436014328	5.0781768138618	3.61e-06	0.526315789473684	0.999834765848353	-4.21559222506489	0.862584588796914	0.00019905145246937
rs319685	6.561e-05	-4.07407407407407	0.998362436014328	5.0781768138618	3.61e-06	0.526315789473684	0.999834765848353	-4.21559222506489	0.862584588796914	0.00019905145246937
rs319686	6.561e-05	4.07407407407407	0.998362436014328	5.0781768138618	3.61e-06	-0.526315789473684	0.999834765848353	-4.21559222506489	0.862584588796914	0.00019905145246937
rs319687	6.561e-05	4.07407407407407	0.998362436014328	5.0781768138618	4.41e-06	0.19047619047619	0.999798156252748	-4.23587141616962	0.842305397692181	0.00019505550426577
rs319688	6.561e-05	4.07407407407407	0.998362436014328	5.0781768138618	4.41e-06	0.19047619047619	0.999798156252748	-4.23587141616962	0.842305397692181	0.00019505550426577
rs319689	6.561e-05	-4.07407407407407	0.998362436014328	5.0781768138618	3.61e-06	0.526315789473684	0.999834765848353	-4.21559222506489	0.862584588796914	0.00019905145246937
rs319690	6.561e-05	4.07407407407407	0.998362436014328	5.0781768138618	3.61e-06	-0.105263157894737	0.999834765848353	-4.34853424379264	0.729642570069156	0.000174272702430553
rs319691	6.561e-05	-4.07407407407407	0.998362436014328	5.0781768138618	4.41e-06	-0.19047619047619	0.999798156252748	-4.23587141616962	0.842305397692181	0.00019505550426577
rs319692	6.561e-05	-4.19753086419753	0.998362436014328	5.58793358274581	4.41e-06	-0.142857142857143	0.999798156252748	-4.24380632217163	1.34412726057419	0.000322178589703564
rs319696	6.561e-05	4.07407407407407	0.998362436014328	5.0781768138618	3.61e-06	-0.421052631578947	0.999834765848353	-4.2654454820878	0.812731331774005	0.000189371385460533
rs34025851	6.561e-05	-4.07407407407407	0.998362436014328	5.0781768138618	4.41e-06	-0.285714285714286	0.999798156252748	-4.21320025616389	0.864976557697912	0.00019952814724563
rs34170328	6.561e-05	2.22222222222222	0.998362436014328	-0.742180323395941	4.41e-06	0.904761904761905	0.999798156252748	-3.84479390607076	-4.5869742294667	8.55563064491882e-07
rs34380889	0.000169	-3.53846153846154	0.995792775523413	3.49854025171285	1.024e-05	-0.75	0.999531444761921	-3.55181006072036	-0.0532698090075105	7.96553297403655e-05
rs34711403	0.0016	0.625	0.961538461538462	-1.44124778824151	9.025e-05	-2.03157894736842	0.995885462897969	-0.691448952366779	-2.13269674060829	9.95706168994146e-06
rs34750113	6.561e-05	-4.19753086419753	0.998362436014328	5.58793358274581	4.41e-06	-0.19047619047619	0.999798156252748	-4.23587141616962	1.35206216657619	0.000324745216031243
rs35199727	6.561e-05	4.07407407407407	0.998362436014328	5.0781768138618	4.41e-06	0.19047619047619	0.999798156252748	-4.23587141616962	0.842305397692181	0.00019505550426577
rs35314534	6.4e-05	-4.25	0.998402555910543	5.79714789751707	4.41e-06	-0.428571428571429	0.999798156252748	-4.16219014615099	1.63495775136607	0.000430926054886748
rs35350483	0.1369	-0.540540540540541	0.226116449971735	-0.0951331214376061	0.00617796	-1.18066157760814	0.779532848110193	-0.212683792314693	-0.307816913752299	6.17541910140668e-05
rs35979968	7.056e-05	-2.97619047619048	0.998239106216634	1.25008924857771	4.84e-06	0.227272727272727	0.999778479702873	-4.18167744369836	-2.93158819512064	4.4789585931112e-06
rs370250399	0.0144	-0.766666666666667	0.735294117647059	-0.448473202398141	0.00094249	-0.270358306188925	0.958638525864597	-1.55766752686685	-2.00614072926499	1.13003989269542e-05
rs370897821	0.0784	2.5	0.337837837837838	0.849620845696471	0.00225625	-0.869473684210526	0.90638131383345	-0.841657531921427	0.00796331377504456	8.46853032628109e-05
rs371363700	0.0256	0.30625	0.609756097560976	-0.441897445860312	0.00142129	-1.55437665782493	0.938909878599991	-0.263458673140812	-0.705356119001125	4.14970623767711e-05
rs371653821	0.0784	2.35714285714286	0.337837837837838	0.732411799915997	0.00151321	-1.58354755784062	0.935214918699433	-0.19575680620057	0.536654993715428	0.000143686486837498
rs371905256	0.0784	2.71428571428571	0.337837837837838	1.03836188265179	0.00219961	-0.901918976545842	0.908516478511402	-0.826278281747772	0.212083600904022	0.000103861923517295
rs372119890	0.04	0.7	0.5	-0.224073590279973	0.00154449	-0.67175572519084	0.933964162218847	-1.1480504925524	-1.37212408283237	2.13031441563973e-05
rs3732529	6.561e-05	-4.07407407407407	0.998362436014328	5.0781768138618	4.41e-06	-0.238095238095238	0.999798156252748	-4.22566939416704	0.85250741969476	0.000197055650230472
rs374871527	0.04	1.9	0.5	0.555926409720027	0.00235225	0.303092783505155	0.90278522015794	-1.12394897315486	-0.56802256343483	4.76058757714356e-05
rs375388084	0.0784	2.35714285714286	0.337837837837838	0.732411799915997	0.001521	-1.53076923076923	0.934903116000266	-0.270581360097327	0.461830439818671	0.000133327591991511
rs375854154	0.1156	-0.970588235294118	0.25706940874036	-0.0274912991551473	0.00498436	-2.60198300283286	0.814214222014744	1.91466310281856	1.88717180366341	0.000554546443817056
rs376036945	0.1936	-0.272727272727273	0.171232876712329	-0.0875398732193888	0.00166464	0.105392156862745	0.929190812288563	-1.31872276178352	-1.40626263500291	2.05881593689691e-05
rs3772398	0.000484	-1.36363636363636	0.988044659618615	-1.29465203960109	3.136e-05	-0.857142857142857	0.998566434973714	-2.90697513283245	-4.20162717243353	1.25778417957867e-06
rs377396052	0.4761	-0.623188405797101	0.0775043596202287	-0.0252863710893913	0.00123201	0.623931623931624	0.946611189369845	-1.28082359416193	-1.30610996525132	2.27569090177419e-05
rs4293721	6.4e-05	4.25	0.998402555910543	5.79714789751707	4.41e-06	0.476190476190476	0.999798156252748	-4.14065254414555	1.65649535337152	0.000440307836634913
rs4296617	6.4e-05	-4.25	0.998402555910543	5.79714789751707	4.41e-06	-0.428571428571429	0.999798156252748	-4.16219014615099	1.63495775136607	0.000430926054886748
rs4364189	0.001369	-1	0.966907587807295	-1.22077183698109	0.00010609	1.97087378640777	0.995166800654555	-0.733338482332549	-1.95411031931363	1.1903928102748e-05
rs4392441	6.4e-05	4.25	0.998402555910543	5.79714789751707	3.61e-06	-0.315789473684211	0.999834765848353	-4.30422023755006	1.49292765996701	0.000373869354772136
rs4599334	6.4e-05	-4.25	0.998402555910543	5.79714789751707	3.61e-06	0.157894736842105	0.999834765848353	-4.34161018031724	1.45553771719983	0.000360148510240761
rs4858867	0.000361	-2.42105263157895	0.991055722107976	0.546163852170587	2.025e-05	-1.73333333333333	0.999073837924747	-1.99139973470981	-1.44523588253923	1.9801206597099e-05
rs4858869	0.000361	-2.42105263157895	0.991055722107976	0.546163852170587	2.5e-05	-1.38	0.998856838380006	-2.43586727066753	-1.88970341849694	1.26958521674861e-05
rs4858870	0.000484	1.31818181818182	0.988044659618615	-1.35487376988776	3.136e-05	0.875	0.998566434973714	-2.89153174249564	-4.2464055123834	1.20270507048876e-06
rs4858871	6.561e-05	4.07407407407407	0.998362436014328	5.0781768138618	3.61e-06	-0.473684210526316	0.999834765848353	-4.24190366627142	0.836273147590378	0.000193882422399087
rs4858876	6.4e-05	4.25	0.998402555910543	5.79714789751707	4.41e-06	0.476190476190476	0.999798156252748	-4.14065254414555	1.65649535337152	0.000440307836634913
rs4858879	7.056e-05	-2.97619047619048	0.998239106216634	1.25008924857771	4.84e-06	0.136363636363636	0.999778479702873	-4.19820270782568	-2.94811345924796	4.40555083120694e-06
rs4858880	6.4e-05	4.25	0.998402555910543	5.79714789751707	4.41e-06	0.428571428571429	0.999798156252748	-4.16219014615099	1.63495775136607	0.000430926054886748
rs4858884	0.001521	-1	0.963367934298307	-1.17173168788528	0.00011236	2.17924528301887	0.994882616641995	-0.275152523197571	-1.44688421108285	1.97685945881034e-05
rs4858887	6.4e-05	4.125	0.998402555910543	5.27454655965764	3.61e-06	-0.210526315789474	0.999834765848353	-4.33191649145167	0.942630068205967	0.000215639671203791
rs5012971	6.4e-05	4.25	0.998402555910543	5.79714789751707	3.61e-06	-0.210526315789474	0.999834765848353	-4.33191649145167	1.46523140606539	0.000363656653799565
rs527350536	0.04	1.75	0.5	0.419051409720027	0.00156025	1.1873417721519	0.933335252257021	-0.696140580903469	-0.277089171183442	6.36812127914718e-05
rs527616101	0.0144	-0.433333333333333	0.735294117647059	-0.595532025927553	0.00085849	1.69965870307167	0.962185494508662	-0.247731422422	-0.843263448349552	3.61513867650394e-05
rs527679423	0.0225	0.426666666666667	0.64	-0.452571401543769	0.00203401	1.61640798226164	0.914817222777532	-0.0363723282438295	-0.488943729787598	5.15233461289851e-05
rs527809627	0.0361	1.78947368421053	0.525624178712221	0.468703395237436	0.00198025	-1.21573033707865	0.916881515059212	-0.566168524482943	-0.0974651292455076	7.62115959079816e-05
rs528004676	0.006724	-0.317073170731707	0.856091088091773	-0.926253639768986	0.00041209	1.86699507389163	0.981484313534446	-0.28400298362278	-1.21025662339177	2.50462003712263e-05
rs528545275	0.0784	-1.35714285714286	0.337837837837838	0.10499867250287	0.00337561	2.1790017211704	0.866152301533166	1.05074021639091	1.15573888889378	0.00026685825746591
rs529029859	0.01	-0.27	0.8	-0.77555895621705	0.00049729	-2.45739910313901	0.977741386716847	1.04968428818049	0.274125331963439	0.0001105097872677
rs529582000	0.0169	1.30769230769231	0.70298769771529	-0.0059155796024607	0.00104329	0.448916408668731	0.954416530592324	-1.44793522540689	-1.45385080500935	1.96313534239059e-05
rs529711933	0.2809	0.792452830188679	0.124649423496416	-0.0274266417753807	0.01567504	-0.338658146964856	0.582212992573355	-0.403004951890873	-0.430431593666254	5.462803234787e-05
rs529802854	0.0784	-0.0464285714285714	0.337837837837838	-0.205758273856755	0.00938961	0.624355005159959	0.699376479668854	-0.464633099780662	-0.670391373637417	4.29736606071906e-05
rs529858349	0.0196	0.0292857142857143	0.671140939597315	-0.555775200876737	0.00134689	-0.392370572207084	0.941922025690923	-1.35047774793557	-1.9062529488123	1.24874708397666e-05
rs530684545	0.2209	-0.765957446808511	0.153315446531238	-0.0382391590782051	0.007744	0.397727272727273	0.738273808769383	-0.611835543271553	-0.650074702349758	4.38556717706548e-05
rs531094155	0.005476	0.662162162162162	0.879584835957428	-0.865574078809866	0.00033489	0.344262295081967	0.984900624977246	-2.03818746146208	-2.90376154027195	4.60534330472993e-06
rs531985091	0.0625	0.48	0.390243902439024	-0.202392023357078	0.00323761	0.189806678383128	0.870917872402702	-1.00796512048325	-1.21035714384033	2.5043682842464e-05
rs533911794	0.0961	2.25806451612903	0.293901542983101	0.575280431888442	0.00458329	1.02363367799114	0.826570946901657	-0.442942113590051	0.132338318298391	9.59010639242821e-05
rs534120646	0.1521	-0.666666666666667	0.208224882873503	-0.07046673906052	0.00649636	-1.27791563275434	0.770774958730537	-0.107161421901648	-0.177628160962168	7.03407012667365e-05
rs534166131	0.0064	-0.055	0.862068965517241	-0.989196855122947	0.00036481	-1.09424083769634	0.983573764318614	-1.46559032091416	-2.45478717603711	7.21521204740231e-06
rs534329832	0.2401	0.653061224489796	0.142806140664049	-0.046592968103354	0.01677025	-0.597683397683398	0.565699849788857	-0.315968506817957	-0.362561474921311	5.84643567784388e-05
rs534816388	0.0256	-0.08125	0.609756097560976	-0.468479000738361	0.001369	0.986486486486487	0.941024867194437	-0.957437896909263	-1.42591689764762	2.01874648535915e-05
rs534848660	0.0484	0.322727272727273	0.452488687782805	-0.277622075118428	0.00224676	-0.59493670886076	0.90673835930069	-1.02570331802426	-1.30332539314269	2.28203655805561e-05
rs535012186	0.0121	-1.63636363636364	0.767754318618042	0.297922728087991	0.00085849	-2.48464163822526	0.962185494508662	1.33246791444595	1.63039064253394	0.000428962456093313
rs535022649	0.004225	-0.0476923076923077	0.904465799886942	-1.17310686046606	0.00024649	1.19745222929936	0.988841892498693	-1.53884829650159	-2.71195515696764	5.57907839553957e-06
rs535226438	0.0144	0.633333333333333	0.735294117647059	-0.517100653378533	0.00087616	1.78716216216216	0.961437186057948	-0.0923429438641425	-0.609443597242676	4.56742718606029e-05
rs535510863	0.01	0.74	0.8	-0.58567895621705	0.00054289	0.493562231759657	0.975749834457364	-1.74081779399336	-2.32649675021041	8.20285289199335e-06
rs536436925	0.0121	-0.190909090909091	0.767754318618042	-0.715988853263827	0.00057121	-2.13389121338912	0.974517054518407	0.383854737178478	-0.332134116085349	6.02706131931201e-05
rs536486265	0.1225	-0.4	0.246153846153846	-0.121591178200198	0.00808201	-1.10678531701891	0.729935160151246	-0.207470899810693	-0.32906207801089	6.04560515025556e-05
rs537123900	0.0784	1.5	0.337837837837838	0.173945170020796	0.00418609	1.48377125193199	0.839183726559877	0.0100174871310674	0.183962657151863	0.000100981912311863
rs537167761	0.002809	1.39622641509434	0.934382956854867	-0.451194318659949	0.00021904	1.11486486486486	0.990072162501769	-1.69091423825904	-2.14210855691899	9.86378728364806e-06
rs537931841	0.009025	0.515789473684211	0.815910249872514	-0.737634049724314	0.00044944	0.283018867924528	0.979839966428862	-1.91278415158693	-2.65041820131125	5.93318136890229e-06
rs538112458	0.0144	0.65	0.735294117647059	-0.50923709128703	0.00081796	2.38111888111888	0.963906311209379	1.07172425246741	0.562487161180377	0.000147446576774114
rs538567246	0.0169	-0.453846153846154	0.70298769771529	-0.534591446117992	0.00215296	-0.504310344827586	0.910282618347359	-1.08978977726419	-1.62438122338218	1.65534995765855e-05
rs539506653	0.0256	-1.0625	0.609756097560976	-0.126312937476166	0.00156816	-0.151515151515152	0.933019919238555	-1.34097040789851	-1.46728334537467	1.9369417646544e-05
rs539782844	0.04	0.55	0.5	-0.270948590279973	0.00169744	0.575242718446602	0.927896191661834	-1.16130184133937	-1.43225043161934	2.00600109021575e-05
rs540164480	0.003025	-1.27272727272727	0.929692039511912	-0.574461407355603	0.00025921	-2.77018633540373	0.988272836237415	1.5690457163313	0.994584308975692	0.000227139204816645
rs540350056	0.0169	-1.61538461538462	0.70298769771529	0.310220899843468	0.00104976	0.962962962962963	0.954146805212576	-1.0987661480761	-0.788545248232628	3.81846464489154e-05
rs541032688	0.0196	1	0.671140939597315	-0.220492534118758	0.00105625	-0.273846153846154	0.953876399177509	-1.50244884177482	-1.72294137589358	1.4999807710752e-05
rs541035742	0.01	1	0.8	-0.40471895621705	0.00052441	-0.222707423580786	0.976555958671894	-1.85235155627724	-2.25707051249429	8.79258053764771e-06
rs541064792	0.0169	0.161538461538462	0.70298769771529	-0.597818742007178	0.00236196	-0.176954732510288	0.902423078702084	-1.14942836110282	-1.74724710311	1.46396215021464e-05
rs541414972	0.0576	1.33333333333333	0.409836065573771	0.100621262095862	0.00264196	-0.0544747081712062	0.892103831676538	-1.11196930304971	-1.01134804095385	3.05581283299976e-05
rs541490996	0.003844	-0.101612903225806	0.912325517744731	-1.21235223056922	0.00024336	2.51923076923077	0.988982020191075	0.884185493257154	-0.328166737312064	6.05102045050322e-05
rs541671296	0.0625	0.228	0.390243902439024	-0.237204901405859	0.00265225	-2.19417475728155	0.891729093365681	1.03501215223759	0.797807250831732	0.000186566176227006
rs541875157	0.0225	-0.733333333333333	0.64	-0.338736734877102	0.00123201	0.683760683760684	0.946611189369845	-1.24379311042261	-1.58252984529971	1.72609877606808e-05
rs542034280	0.0361	0.947368421052632	0.525624178712221	-0.137002029538974	0.00349281	-0.0456852791878173	0.862145784772385	-0.989879570289904	-1.12688159982888	2.72239515577376e-05
rs542139178	0.0841	0.758620689655172	0.32232070910556	-0.101791916238249	0.00408321	0.788732394366197	0.842513612169967	-0.662144776151564	-0.763936692389812	3.91359728292876e-05
rs542220045	0.1444	0.552631578947368	0.216919739696312	-0.0891362178145453	0.00700569	-0.508960573476703	0.757167310034968	-0.609622658116411	-0.698758875930956	4.17717336242375e-05
rs542282089	0.0144	-0.366666666666667	0.735294117647059	-0.615139869064808	0.00085264	-0.582191780821918	0.962433493422731	-1.47771410163328	-2.09285397069809	1.03617877732822e-05
rs542890913	0.0961	1.16129032258065	0.293901542983101	0.0241768101865196	0.00026569	-0.214723926380368	0.98798319139498	-2.18794828949821	-2.16377147931169	9.65240665269222e-06
rs543223803	0.0256	2.3125	0.609756097560976	1.15989133081652	0.0016	1.87	0.931752766271371	0.286813935593607	1.44670526641012	0.000356981522965313
rs543370690	0.04	-1.4	0.5	0.143426409720027	0.00194481	0.113378684807256	0.918247453232321	-1.24612724850112	-1.10270083878109	2.78902710143019e-05
rs543576889	0.0289	0.247058823529412	0.58055152394775	-0.416689421411793	0.00167281	0.836185819070905	0.928868003503088	-0.996873634288211	-1.4135630557	2.0438404446278e-05
rs544137656	0.0225	1.86666666666667	0.64	0.604196598456232	0.00112896	-0.3125	0.95085737904809	-1.46008570548204	-0.855889107025804	3.56978210034408e-05
rs544649453	0.0484	-0.327272727272727	0.452488687782805	-0.276953625920567	0.00221841	0.0700636942675159	0.907806658234803	-1.18970550737787	-1.46665913329843	1.93815120452909e-05
rs544838398	0.01	0.93	0.8	-0.45875895621705	0.00051984	-0.175438596491228	0.976755514118295	-1.86581203770035	-2.3245709939174	8.21866480763223e-06
rs545219178	0.01	-0.36	0.8	-0.75287895621705	0.00054289	0.266094420600858	0.975749834457364	-1.82512132875219	-2.57800028496924	6.37879030913984e-06
rs545884980	0.004624	0.0838235294117647	0.896378630333453	-1.13035669948725	0.00027556	-2.67469879518072	0.987542345485859	1.33973569498998	0.20937899550273	0.00010358139752502
rs546427789	0.0841	1.58620689655172	0.32232070910556	0.21094732113409	0.00427716	1.63608562691131	0.836257977708588	0.214506154699013	0.425453475833103	0.00012856469407282
rs547160605	0.0225	0.413333333333333	0.64	-0.456155401543769	0.00116964	1.24853801169591	0.949176611195569	-0.74988867490268	-1.20604407644645	2.5151931207794e-05
rs547313353	0.0361	-0.0578947368421053	0.525624178712221	-0.371996806057697	0.00153664	1.3469387755102	0.934277736364599	-0.51365485226993	-0.885651658327626	3.46510178125059e-05
rs547559810	0.0441	2.19047619047619	0.475624256837099	0.818293418924365	0.00248004	1.3714859437751	0.898042336180218	-0.297001801010483	0.521291617913882	0.000141495848233143
rs547693336	0.0169	1.07692307692308	0.70298769771529	-0.199341188737141	0.00103684	-0.177018633540373	0.95468557403206	-1.5321071005516	-1.73144828928874	1.48727468596968e-05
rs547807239	0.0169	1.07692307692308	0.70298769771529	-0.199341188737141	0.00092416	0.575657894736842	0.959410292671696	-1.44315472284731	-1.64249591158445	1.62563377162167e-05
rs548232765	0.0256	-1.125	0.609756097560976	-0.0846303917444585	0.00141376	0.0398936170212766	0.939213860522302	-1.39944936280947	-1.48407975455393	1.90467979927809e-05
rs548620025	0.004761	-0.579710144927536	0.893635084113402	-0.970280522795319	0.000225	-2.36	0.989804783660274	0.463490034036268	-0.506790488759051	5.06119780619476e-05
rs549265822	0.0225	0.8	0.64	-0.306025623765991	0.00145924	-1.57329842931937	0.937380848115524	-0.225207669446361	-0.531233293212352	4.93898760246144e-05
rs549600456	0.0361	-0.526315789473684	0.525624178712221	-0.300076566978776	0.00159201	-1.09774436090226	0.932070424841873	-0.783049562723414	-1.08312612970219	2.84415933385578e-05
rs550105953	0.09	1.46666666666667	0.307692307692308	0.147077780877512	0.00466489	1.05124450951684	0.82402660244242	-0.413389135684161	-0.266311354806649	6.43712691803049e-05
rs550706561	0.003136	0.910714285714286	0.927299703264095	-0.926153482901173	0.000196	-1.32857142857143	0.991107148113318	-1.48655111697311	-2.41270459987428	7.52532619415677e-06
rs551317387	0.002025	2.44444444444444	0.951814396192742	1.32734490419541	0.00014161	0.890756302521008	0.993559019677058	-2.12836915553767	-0.801024251342252	3.77111009601964e-05
rs551901213	0.0961	0.164516129032258	0.293901542983101	-0.170022992400946	0.001764	-2.04047619047619	0.925280115916988	0.629217295441135	0.459194303040189	0.000132976585077063
rs552172924	0.0289	-0.582352941176471	0.58055152394775	-0.335964635979819	0.00140625	-1.85333333333333	0.939517231170199	0.210849387351015	-0.125115248628804	7.41332025098588e-05
rs552183299	0.0144	-0.266666666666667	0.735294117647059	-0.638424182790298	0.00066564	-1.75581395348837	0.970428897823326	-0.264619635298346	-0.903043818088644	3.40535722688947e-05
rs552493798	0.0225	0.666666666666667	0.64	-0.368603401543769	0.00177241	-0.0665083135391924	0.924950618395935	-1.29275878753393	-1.6613621890777	1.59525161406257e-05
rs552674397	0.1225	-0.971428571428572	0.246153846153846	-0.0251390588909353	0.00559504	-0.516042780748663	0.796093282140588	-0.689046446709242	-0.714185505600177	4.11322815356544e-05
rs553127987	0.1369	0.172972972972973	0.226116449971735	-0.124784271984667	0.00972196	1.32657200811359	0.692012962316642	0.0200510936078722	-0.104733178376795	7.56596943379055e-05
rs553463370	0.0784	-1.07142857142857	0.337837837837838	-0.0122103732776045	0.00318096	0.234042553191489	0.872889390242451	-1.00744215603471	-1.01965252931231	3.03054095116518e-05
rs553553753	0.0225	0.8	0.64	-0.306025623765991	0.002209	-0.370212765957447	0.908161807238063	-1.13162832250917	-1.43765394627516	1.99519086682846e-05
rs553741536	0.0324	-0.611111111111111	0.552486187845304	-0.298859079146567	0.001521	0.356410256410256	0.934903116000266	-1.30655973473999	-1.60541881388656	1.68703888105081e-05
rs553925416	0.0729	2.59259259259259	0.354295837023915	0.971999257741009	0.00150544	-1.58247422680412	0.935526128127611	-0.199363803531067	0.772635454209942	0.000181928583522486
rs554315408	0.0484	1.90909090909091	0.452488687782805	0.523390415065185	0.00370881	2.11494252873563	0.854858045230142	0.946860773102209	1.47025118816739	0.000365486720386466
rs554683956	0.0484	-1.13636363636364	0.452488687782805	-0.00903170826602911	0.00285156	0.51310861423221	0.884532282451823	-0.962942116236372	-0.971973824502402	3.17853322420662e-05
rs554946949	0.0144	0.375	0.735294117647059	-0.612867605992912	0.00071289	1.0749063670412	0.96839615251153	-1.16778427313208	-1.78065187912499	1.41586660526328e-05
rs554993485	0.0196	-0.485714285714286	0.671140939597315	-0.476895766552672	9e-04	-0.0466666666666667	0.960429426319184	-1.6137889619778	-2.09068472853047	1.03842893971639e-05
rs555344517	0.0324	0.277777777777778	0.552486187845304	-0.380708884753279	0.00209764	0.893013100436681	0.912385919088982	-0.85360548328787	-1.23431436804115	2.44508355604692e-05
rs555578403	0.2209	1.06382978723404	0.153315446531238	0.00354259683478965	0.01179396	1.44843462246777	0.649387206916358	0.15715871047131	0.1607013073061	9.86600462844685e-05
rs555626829	0.0289	1.23529411764706	0.58055152394775	0.00853945951990209	0.00149769	-0.359173126614987	0.935836742892381	-1.31279830945363	-1.30425884993373	2.27990736944049e-05
rs556221648	0.002025	-2.44444444444444	0.951814396192742	1.32734490419541	0.000144	-0.941666666666667	0.993451024984424	-2.07375891463888	-0.746414010443465	3.98277835219114e-05
rs556692299	0.1849	-0.13953488372093	0.177856825255669	-0.0961889255350938	0.01279161	-0.318302387267904	0.630682241174533	-0.466099705057213	-0.562288630592307	4.78796287565979e-05
rs557093371	0.1764	-0.5	0.184842883548983	-0.0790818412561949	0.00804609	0.0602006688963211	0.730812344482656	-0.654848993206996	-0.733930834463191	4.03280768808443e-05
rs557120398	0.001936	1.27272727272727	0.95383441434567	-0.765233282533782	0.00013456	-0.137931034482759	0.993877718251509	-2.53845596158876	-3.30368924412254	3.08727712621686e-06
rs557156602	0.004096	-0.265625	0.90711175616836	-1.15617771473365	0.00022201	-1.76510067114094	0.989938903648916	-0.757422457075311	-1.91360017180896	1.23960588302659e-05
rs557483782	0.0784	2.75	0.337837837837838	1.07132692677755	0.002209	-0.936170212765957	0.908161807238063	-0.795900348300596	0.275426578476957	0.00011065368134362
rs557646027	0.0169	1.15384615384615	0.70298769771529	-0.139025676211273	0.00093636	-0.0130718954248366	0.958896485324581	-1.59574889750482	-1.73477457371609	1.48233580595609e-05
rs55772523	0.000289	0.164705882352941	0.992826826180844	-2.45523681804331	2.116e-05	1.10869565217391	0.999032258079397	-2.85626431112758	-5.31150112917089	4.14566297474521e-07
rs558403302	0.0441	0.423809523809524	0.475624256837099	-0.280058882757307	0.00226576	-0.611344537815126	0.906023797864609	-1.013047210442	-1.29310609319931	2.30547694228517e-05
rs558495909	0.01	1	0.8	-0.40471895621705	0.00056644	1.4453781512605	0.974724476163285	-0.820802170235585	-1.22552112645264	2.46667857241166e-05
rs558599458	0.1156	-1.82352941176471	0.25706940874036	0.278834921035031	0.0064	-0.57625	0.773404593992388	-0.613884666366381	-0.33504974533135	6.00951423588728e-05
rs55896981	0.009216	0.177083333333333	0.812743823146944	-0.824895618553718	0.00041616	-0.514705882352941	0.981304862443757	-1.85976121164193	-2.68465683019565	5.73347570685965e-06
rs559065541	0.0324	0.177777777777778	0.552486187845304	-0.393293292365311	0.00162409	3.20099255583127	0.930796328911729	3.4332833542812	3.03999006191588	0.00175630740654105
rs559157506	0.008649	1.0752688172043	0.822216283993504	-0.388269293929119	0.00042849	0.130434782608696	0.980761618531244	-1.96708101753581	-2.35535031146493	7.9695533208236e-06
rs559354156	0.004356	0.0954545454545454	0.901794571196681	-1.1562385087178	0.000225	-1.94666666666667	0.989804783660274	-0.417480214745094	-1.57371872346289	1.7413748435013e-05
rs560120421	0.04	0.55	0.5	-0.270948590279973	0.00221841	-0.677282377919321	0.907806658234803	-0.983723042689612	-1.25467163296958	2.39581156539712e-05
rs560162883	0.1936	0.431818181818182	0.171232876712329	-0.0779434025978559	0.00952576	1.19672131147541	0.696341085692253	-0.0972954781153182	-0.175238880713174	7.05089658505498e-05
rs560372239	0.004761	0.304347826086957	0.893635084113402	-1.07905211095825	0.00031329	1.72316384180791	0.985860746307773	-0.665745184976087	-1.74479729593434	1.4675529718095e-05
rs560916854	0.006724	-0.207317073170732	0.856091088091773	-0.950889812515232	0.00036481	-1.09947643979058	0.983573764318614	-1.45994193672445	-2.41083174923969	7.5394332121404e-06
rs561082079	0.0256	0.20625	0.609756097560976	-0.457522445860312	0.001296	1.41666666666667	0.943993505904163	-0.493872553353722	-0.951394999214034	3.24462138012912e-05
rs561937773	0.003844	1.35483870967742	0.912325517744731	-0.379735340167614	0.00024964	-0.0443037974683544	0.988700909506442	-2.24054619774132	-2.62028153790894	6.11470924222379e-06
rs562596741	0.0169	1.15384615384615	0.70298769771529	-0.139025676211273	0.00093025	-0.308196721311475	0.959153741341697	-1.55341731049025	-1.69244298670152	1.54643251962289e-05
rs562678131	0.0324	-0.025	0.552486187845304	-0.401851286362992	0.00188356	-0.658986175115207	0.920617787344031	-1.06684545953423	-1.46869674589722	1.93420602395619e-05
rs562847708	0.0324	2.44444444444444	0.552486187845304	1.24861380810533	0.00164836	-0.524630541871921	0.929834728633936	-1.20048834399573	0.0481254641095947	8.81556693640992e-05
rs563100954	0.0484	0.0254545454545455	0.452488687782805	-0.301039486583968	0.00249001	0.971943887775551	0.897674397719109	-0.715792439962885	-1.01683192654685	3.03910096988395e-05
rs56313601	0.000729	0.962962962962963	0.98210120552923	-1.55616087937005	4.489e-05	-0.432835820895522	0.997949204192665	-3.00128236237053	-4.55744324174058	8.81205445783297e-07
rs56321066	0.000729	1	0.98210120552923	-1.52046035543792	4.624e-05	-0.352941176470588	0.997887659836034	-3.01782725922686	-4.53828761466478	8.98248199867624e-07
rs563305813	0.0169	1.15384615384615	0.70298769771529	-0.139025676211273	0.00192721	-1.00227790432802	0.918927310803995	-0.794645296636728	-0.933670972848001	3.30264179381414e-05
rs563423687	0.0121	1.54545454545455	0.767754318618042	0.186883880353978	0.00088209	-1.15151515151515	0.96118631672913	-0.987230866884545	-0.800346986530568	3.77366500126471e-05
rs563678437	0.04	0.5	0.5	-0.284073590279973	0.002304	-0.529166666666667	0.904589057891953	-1.04813068453744	-1.33220427481741	2.21707639732896e-05
rs563880311	0.007225	-0.247058823529412	0.847008999470619	-0.912838195662252	0.000441	1.59047619047619	0.980211058413124	-0.721537942185186	-1.63437613784744	1.63888728497357e-05
rs564155227	0.0144	1.66666666666667	0.735294117647059	0.356673856425389	0.00077841	-2.7741935483871	0.965591463319554	2.0309430018181	2.38761685824349	0.00091469951814677
rs564332316	0.0144	-0.425	0.735294117647059	-0.598161723639971	0.00086436	0.370748299319728	0.961936776166256	-1.56814218455441	-2.16630390819438	9.6279935445747e-06
rs564365462	0.0289	-0.217647058823529	0.58055152394775	-0.420656858296903	0.00177241	2.03087885985748	0.924950618395935	0.612660569522465	0.192003711225562	0.00010179718676936
rs565364609	0.1024	0.75	0.280898876404494	-0.08587383419747	0.00522729	-1.48409405255878	0.806907743747869	0.0663277406560225	-0.0195460935414474	8.23874124806404e-05
rs565654231	0.0169	-0.576923076923077	0.70298769771529	-0.48999956375404	0.00085849	-0.829351535836177	0.962185494508662	-1.30662413005333	-1.79662369380737	1.39343228157149e-05
rs566378176	0.004624	-1.91176470588235	0.896378630333453	0.504556309913249	0.00025921	0.919254658385093	0.988272836237415	-1.80536405350894	-1.30080774359569	2.28778916484758e-05
rs566914587	0.009216	0.21875	0.812743823146944	-0.818193304039919	0.00050176	0.272321428571429	0.977545802855226	-1.86189197325153	-2.68008527729145	5.75974659800973e-06
rs567023462	0.0144	1.16666666666667	0.735294117647059	-0.164159476907945	0.01028196	1.70611439842209	0.679950282665132	0.419969132214595	0.25580965530665	0.000108504149114617
rs567256407	0.0121	-0.354545454545455	0.767754318618042	-0.681725437391617	0.00071824	-2.55223880597015	0.968166526395645	1.42966260776281	0.747937170371197	0.000177490294403149
rs567284735	0.01	0.41	0.8	-0.73747895621705	0.00054756	0.358974358974359	0.975546332942288	-1.79263183243887	-2.53011078865592	6.69170011042741e-06
rs567379387	0.0225	-0.413333333333333	0.64	-0.456155401543769	0.001444	2.08947368421053	0.937994278963644	0.657330429472708	0.201175027928939	0.000102735095362923
rs567967694	0.004356	0.772727272727273	0.901794571196681	-0.891112767997896	0.00035344	-3.38297872340426	0.984077567739413	3.56114685987869	2.6700340918808	0.0012131952366183
rs568067291	0.0361	0.947368421052632	0.525624178712221	-0.137002029538974	0.00160801	-0.29925187032419	0.931434529822134	-1.29827734621603	-1.43527937575501	1.9999342177247e-05
rs568696465	0.1444	0.131578947368421	0.216919739696312	-0.120382274502103	0.00964324	-0.912423625254583	0.69374302693755	-0.302888986747329	-0.423271261249432	5.50205909666423e-05
rs568696551	0.0289	0.564705882352941	0.58055152394775	-0.341840460227387	0.00190096	0.160550458715596	0.919943175454171	-1.25065286027933	-1.59249332050672	1.70898622550903e-05
rs568902743	0.0441	1.66666666666667	0.475624256837099	0.33781585334403	0.00235225	0.692783505154639	0.90278522015794	-0.948770836493028	-0.610954983148998	4.56052925501408e-05
rs570929853	0.0144	1.25	0.735294117647059	-0.0901194442282064	0.00079524	1.54609929078014	0.964873648602049	-0.521173750018814	-0.611293194247021	4.55898709420983e-05
rs571186073	0.0169	-0.00461538461538461	0.70298769771529	-0.606983372158695	0.00091809	0.184818481848185	0.95966613807271	-1.58889188206672	-2.19587525422542	9.34744929495911e-06
rs571310789	0.3721	-1.57377049180328	0.0970638194612958	0.0691498787451418	0.01008016	0.853585657370518	0.684248382304803	-0.327125112217018	-0.257975233471876	6.49101187278444e-05
rs571854758	0.0121	-0.309090909090909	0.767754318618042	-0.693305202941021	0.00069696	1.6969696969697	0.969080525841446	-0.342850954726786	-1.03615615766781	2.98093648234144e-05
rs572205040	0.0576	0.458333333333333	0.409836065573771	-0.220630445554411	0.00272484	0.260536398467433	0.889094448940877	-1.06936264902654	-1.28999309458095	2.3126650713342e-05
rs572526052	0.0484	-0.0422727272727273	0.452488687782805	-0.300781783057548	0.00249001	0.981963927855712	0.897674397719109	-0.707004999974932	-1.00778678303248	3.0667147714428e-05
rs573650388	0.1156	0.823529411764706	0.25706940874036	-0.0614040022977986	0.00531441	-0.478737997256516	0.804319324429296	-0.723464576170598	-0.784868578468396	3.83252971886912e-05
rs574394363	0.0484	-0.0318181818181818	0.452488687782805	-0.300957028934665	0.00299209	-0.115173674588665	0.879527370146701	-1.05233289057069	-1.35328991950535	2.17081732722958e-05
rs574609162	0.006561	-0.185185185185185	0.859088078005198	-0.96507953405987	0.00036481	-1	0.983573764318614	-1.56265086068958	-2.52773039474945	6.70764796615307e-06
rs575065649	0.009801	0.0424242424242424	0.80319672295737	-0.812052518136398	0.00066049	0.98443579766537	0.970650972185208	-1.29391228321328	-2.10596480134968	1.02268228132053e-05
rs575335179	0.008464	-0.978260869565217	0.825354902608121	-0.477569709012294	0.00045796	-0.299065420560748	0.979465641862537	-1.89902612943176	-2.37659583844406	7.80202190884179e-06
rs575379520	0.0169	1.38461538461538	0.70298769771529	0.0668790044804835	0.00085264	1.47602739726027	0.962433493422731	-0.592415029271068	-0.525536024790584	4.96720664997879e-05
rs575499412	0.1024	0.146875	0.280898876404494	-0.161846830598453	0.00436921	-0.933434190620272	0.833321403483052	-0.532807731821756	-0.69465456242021	4.19435302273133e-05
rs576440462	0.0361	0.0789473684210526	0.525624178712221	-0.371239674276726	0.00181476	0.509389671361502	0.923294936900048	-1.16410649382339	-1.53534616810012	1.80949444939368e-05
rs576903774	0.2304	-0.75	0.14792899408284	-0.0384376780877377	0.00632025	-0.348427672955975	0.775594555949167	-0.700071118210227	-0.738508796297965	4.01438784324458e-05
rs58069364	0.1156	1.14705882352941	0.25706940874036	0.0205424311977227	0.00026569	-0.233128834355828	0.98798319139498	-2.18387647048139	-2.16333403928367	9.65662992537572e-06
rs60446735	6.561e-05	4.07407407407407	0.998362436014328	5.0781768138618	4.41e-06	0.238095238095238	0.999798156252748	-4.22566939416704	0.85250741969476	0.000197055650230472
rs62260761	0.000361	-2.36842105263158	0.991055722107976	0.42125239689105	2.5e-05	-0.58	0.998856838380006	-3.21897103195745	-2.7977186350664	5.12054112817818e-06
rs62260762	0.000225	3	0.994406463642014	1.88175730156099	1.521e-05	1.84615384615385	0.999304188982181	-1.93225997926437	-0.0505026777033803	7.98760517393681e-05
rs62260764	7.396e-05	-2.90697674418605	0.998154412491304	1.06998000463122	5.29e-06	0.521739130434783	0.999757888793976	-4.02698379680835	-2.95700379217713	4.3665576057877e-06
rs62260778	0.000441	3.19047619047619	0.989095225142801	2.77479129248995	3.249e-05	1.14035087719298	0.998514855807505	-2.60688728534686	0.167904007143084	9.93732303257841e-05
rs62260779	0.000169	3.23076923076923	0.995792775523413	2.46150162158195	1.156e-05	3.61764705882353	0.999471077010052	2.76789015892706	5.22939178050902	0.0156835949616518
rs62260785	0.000225	-2.8	0.994406463642014	1.30500155264862	1.6e-05	-1.925	0.999268075348263	-1.75846011118689	-0.453458558538268	5.33844870506573e-05
rs62260788	0.000169	3.69230769230769	0.995792775523413	4.05241315644185	1.225e-05	3.4	0.999439524041755	2.03339834407154	6.08581150051339	0.0369303970106097
rs62260850	0.000225	2.6	0.994406463642014	0.768022062281933	1.6e-05	2.1	0.999268075348263	-1.40653038590017	-0.638508323618241	4.43658679531445e-05
rs6442087	0.0144	-1.08333333333333	0.735294117647059	-0.233093300437357	9.604e-05	0.785714285714286	0.995622649740494	-2.40833355312416	-2.64142685356152	5.98676921832458e-06
rs6442088	0.0144	-1	0.735294117647059	-0.296920914816442	9.604e-05	0.693877551020408	0.995622649740494	-2.47597659549772	-2.77289751031417	5.24922920283098e-06
rs6442090	6.4e-05	-4.25	0.998402555910543	5.79714789751707	4.41e-06	-0.428571428571429	0.999798156252748	-4.16219014615099	1.63495775136607	0.000430926054886748
rs6442091	6.4e-05	-4.25	0.998402555910543	5.79714789751707	4.41e-06	-0.428571428571429	0.999798156252748	-4.16219014615099	1.63495775136607	0.000430926054886748
rs6442094	6.4e-05	-4.25	0.998402555910543	5.79714789751707	4.41e-06	-0.476190476190476	0.999798156252748	-4.14065254414555	1.65649535337152	0.000440307836634913
rs6442096	6.4e-05	-4.25	0.998402555910543	5.79714789751707	4.41e-06	-0.476190476190476	0.999798156252748	-4.14065254414555	1.65649535337152	0.000440307836634913
rs6770467	6.4e-05	-4.25	0.998402555910543	5.79714789751707	3.61e-06	0.263157894736842	0.999834765848353	-4.31945317719595	1.47769472032112	0.000368217382820285
rs6770477	6.4e-05	-4.25	0.998402555910543	5.79714789751707	3.61e-06	0.263157894736842	0.999834765848353	-4.31945317719595	1.47769472032112	0.000368217382820285
rs6771917	7.744e-05	-3.29545454545455	0.998067740853707	2.29498543420526	5.29e-06	-0.652173913043478	0.999757888793976	-3.95044278641864	-1.65545735221339	1.60469918031915e-05
rs6772396	6.561e-05	4.07407407407407	0.998362436014328	5.0781768138618	4.41e-06	0.238095238095238	0.999798156252748	-4.22566939416704	0.85250741969476	0.000197055650230472
rs6773208	6.4e-05	4.25	0.998402555910543	5.79714789751707	4.41e-06	0.428571428571429	0.999798156252748	-4.16219014615099	1.63495775136607	0.000430926054886748
rs6774297	0.0144	-1.08333333333333	0.735294117647059	-0.233093300437357	9.604e-05	0.704081632653061	0.995622649740494	-2.46887537189222	-2.70196867232958	5.6350729050259e-06
rs6775233	0.0169	-1.38461538461538	0.70298769771529	0.0668790044804835	0.00021316	1.45890410958904	0.990336093963419	-1.2657624145557	-1.19888341007522	2.53326821721056e-05
rs6783629	6.561e-05	-4.19753086419753	0.998362436014328	5.58793358274581	4.41e-06	-0.142857142857143	0.999798156252748	-4.24380632217163	1.34412726057419	0.000322178589703564
rs6805454	0.001089	2.06060606060606	0.973496556255932	0.251540266638252	8.1e-05	1.71111111111111	0.996305616492675	-1.34192856953729	-1.09038830289904	2.82357937423684e-05
rs6806820	6.4e-05	-4.25	0.998402555910543	5.79714789751707	4.41e-06	-0.428571428571429	0.999798156252748	-4.16219014615099	1.63495775136607	0.000430926054886748
rs71323371	6.561e-05	4.07407407407407	0.998362436014328	5.0781768138618	4.41e-06	0.333333333333333	0.999798156252748	-4.19846400216016	0.879712811701637	0.000202490216000427
rs71323372	0.002704	1.42307692307692	0.936680404645935	-0.431322026441698	0.00016384	1.03125	0.992555439011439	-1.9223560677498	-2.3536780941915	7.98289129443506e-06
rs71323373	0.0121	0.845454545454545	0.767754318618042	-0.45558689263503	0.00080089	0.303886925795053	0.964632910214463	-1.62644617431127	-2.0820330669463	1.04745205165495e-05
rs71328954	0.004761	0.956521739130435	0.893635084113402	-0.711631258794423	0.00031684	0.370786516853933	0.985702820063893	-2.0560879707032	-2.76771922949763	5.27648168532027e-06
rs73087121	0.000729	1	0.98210120552923	-1.52046035543792	4.624e-05	-0.294117647058824	0.997887659836034	-3.03681820085003	-4.55727855628795	8.81350579451367e-07
rs73087122	0.000324	-0.227777777777778	0.991965082829084	-2.38624637282909	2.209e-05	-0.957446808510638	0.998989767967046	-2.99089846596467	-5.37714483879376	3.88226603125471e-07
rs73087125	0.000784	-0.892857142857143	0.980776775205963	-1.58488343291353	4.761e-05	0.27536231884058	0.997825211471177	-3.02758217135415	-4.61246560426768	8.34029215520142e-07
rs73087129	0.000729	1	0.98210120552923	-1.52046035543792	4.624e-05	-0.323529411764706	0.997887659836034	-3.02775434234806	-4.54821469778598	8.89375329053212e-07
rs73087134	0.000361	0.505263157894737	0.991055722107976	-2.23186691324632	2.304e-05	-0.8125	0.998946367820419	-3.09802558868382	-5.32989250193014	4.07011538304158e-07
rs73087137	0.000529	-0.652173913043478	0.986947617755188	-1.95950269093671	3.844e-05	-1.70967741935484	0.998243354263778	-1.71324345589171	-3.67274614682843	2.1345003918646e-06
rs73087139	0.000529	-0.652173913043478	0.986947617755188	-1.95950269093671	3.969e-05	-1.68253968253968	0.998186334890432	-1.7433000760373	-3.70280276697402	2.07129909106626e-06
rs73087145	0.000676	0.692307692307692	0.983380863408398	-1.81293794251663	4.225e-05	-0.646153846153846	0.998069579542189	-2.91665431610118	-4.72959225861782	7.41846076809305e-07
rs73087150	0.000625	-1.76	0.984615384615385	-0.562221327255509	4.225e-05	-2.35384615384615	0.998069579542189	-0.360060700812344	-0.922282028067854	3.34047040391953e-05
rs73087180	0.002304	1.35416666666667	0.94553706505295	-0.588169946390342	0.00014884	-0.0737704918032787	0.993232396331108	-2.49510148118521	-3.08327142757555	3.84859185733526e-06
rs7374516	6.4e-05	4.25	0.998402555910543	5.79714789751707	4.41e-06	0.476190476190476	0.999798156252748	-4.14065254414555	1.65649535337152	0.000440307836634913
rs7426976	6.4e-05	-4.25	0.998402555910543	5.79714789751707	3.61e-06	0.0526315789473684	0.999834765848353	-4.35268868187789	1.44445921563918	0.000356180624106887
rs7427418	6.4e-05	-4.25	0.998402555910543	5.79714789751707	3.61e-06	0.210526315789474	0.999834765848353	-4.33191649145167	1.46523140606539	0.000363656653799565
rs7430879	6.4e-05	4.25	0.998402555910543	5.79714789751707	3.61e-06	-0.263157894736842	0.999834765848353	-4.31945317719595	1.47769472032112	0.000368217382820285
rs7430913	6.4e-05	4.25	0.998402555910543	5.79714789751707	3.61e-06	-0.263157894736842	0.999834765848353	-4.31945317719595	1.47769472032112	0.000368217382820285
rs7431111	0.001444	0.842105263157895	0.96515780330084	-1.33624642172257	0.00010404	-1.98039215686274	0.995259750904268	-0.724151766231058	-2.06039818795363	1.07036046688786e-05
rs7431572	6.4e-05	4.25	0.998402555910543	5.79714789751707	4.41e-06	0.428571428571429	0.999798156252748	-4.16219014615099	1.63495775136607	0.000430926054886748
rs7433678	6.4e-05	4.25	0.998402555910543	5.79714789751707	3.61e-06	-0.263157894736842	0.999834765848353	-4.31945317719595	1.47769472032112	0.000368217382820285
rs74568844	0.001296	-2	0.968616815187912	0.206492107852736	7.921e-05	1.12359550561798	0.996386962834116	-2.18265050980058	-1.97615840194785	1.16443415211902e-05
rs74790163	0.002809	1.11320754716981	0.934382956854867	-0.783001723239063	0.00016384	2.5703125	0.992555439011439	0.828526113179823	0.0455243899407601	8.79266678837084e-05
rs74990628	0.0081	0.3	0.831600831600832	-0.853287020294624	0.00051529	2.05286343612335	0.97695427727536	0.173426398999129	-0.679860621295495	4.25686529572992e-05
rs75103301	0.1156	1.17647058823529	0.25706940874036	0.0293263772576226	0.00026569	-0.282208588957055	0.98798319139498	-2.17138212171747	-2.14205574445984	9.86430822826702e-06
rs75420707	0.000484	0.236363636363636	0.988044659618615	-2.18568867809351	3.364e-05	-1.94827586206897	0.998462369206168	-1.34378508222263	-3.52947376031614	2.46330759415269e-06
rs75485436	0.000841	1.93103448275862	0.979407947895497	-0.115370753658135	5.929e-05	1.68831168831169	0.997293122179464	-1.53463936089732	-1.65001011455545	1.61346420904785e-05
rs75508493	0.0361	0.578947368421053	0.525624178712221	-0.284788329093795	0.00042849	-1.03864734299517	0.980761618531244	-1.44640689915852	-1.73119522825231	1.48765110486963e-05
rs75569535	0.000529	-0.652173913043478	0.986947617755188	-1.95950269093671	3.969e-05	-1.57142857142857	0.998186334890432	-1.92374822299721	-3.88325091393393	1.72931926683828e-06
rs75625285	0.002916	-0.114814814814815	0.932053313449529	-1.33837258208068	0.00018769	-0.072992700729927	0.991480974881873	-2.38008541094477	-3.71845799302544	2.03912493950049e-06
rs75646057	0.001369	0.891891891891892	0.966907587807295	-1.31965208701251	0.00010404	-2	0.995259750904268	-0.685313294598308	-2.00496538161082	1.13136886328066e-05
rs75913235	0.000484	1.36363636363636	0.988044659618615	-1.29465203960109	3.136e-05	0.839285714285714	0.998566434973714	-2.92210010274994	-4.21675214235102	1.23890337741925e-06
rs76189601	0.0121	2	0.767754318618042	0.805528889157772	0.00082944	2.27777777777778	0.963418270590272	0.845134648655941	1.65066353781371	0.000437747515459821
rs7619882	6.561e-05	4.07407407407407	0.998362436014328	5.0781768138618	4.41e-06	0.142857142857143	0.999798156252748	-4.24380632217163	0.834370491690175	0.000193513881578527
rs7620736	6.4e-05	4.125	0.998402555910543	5.27454655965764	4.41e-06	0.476190476190476	0.999798156252748	-4.14065254414555	1.13389401551209	0.000261091983683975
rs7627645	6.4e-05	-4.125	0.998402555910543	5.27454655965764	3.61e-06	0.263157894736842	0.999834765848353	-4.31945317719595	0.955093382461694	0.00021834407409647
rs7638388	0.000169	3.46153846153846	0.995792775523413	3.23044219676423	8.41e-06	4.24137931034483	0.999615148481883	5.05986114005351	8.29030333681774	0.33479781605674
rs7642590	6.4e-05	4.125	0.998402555910543	5.27454655965764	3.24e-06	0.5	0.999851698693081	-4.2831507857567	0.991395773900947	0.000226416116903446
rs7649981	6.4e-05	-4.25	0.998402555910543	5.79714789751707	4.41e-06	-0.428571428571429	0.999798156252748	-4.16219014615099	1.63495775136607	0.000430926054886748
rs7651237	7.056e-05	-2.97619047619048	0.998239106216634	1.25008924857771	4e-06	0.8	0.999816918335578	-3.98284771162893	-2.73275846305122	5.46421404169799e-06
rs7653368	6.561e-05	-4.07407407407407	0.998362436014328	5.0781768138618	3.61e-06	0.421052631578947	0.999834765848353	-4.2654454820878	0.812731331774005	0.000189371385460533
rs767512	6.889e-05	-0.240963855421687	0.998280711045402	-3.15394036028524	3.61e-06	-3.63157894736842	0.999834765848353	2.23901974670682	-0.914920613578416	3.36515172441012e-05
rs76992745	0.001369	2.37837837837838	0.966907587807295	1.0305195699844	0.00010816	1.38461538461538	0.995072961188174	-1.7026516376626	-0.672132067678194	4.28989216799356e-05
rs77008171	0.001089	2.12121212121212	0.973496556255932	0.374903466604568	6.4e-05	-0.85	0.997078715872653	-2.55767130875746	-2.18276784215289	9.47077665025271e-06
rs77080638	0.003136	-1.46428571428571	0.927299703264095	-0.316578119929575	0.00022201	0.0402684563758389	0.989938903648916	-2.29873695250256	-2.61531507243213	6.14515327160936e-06
rs77300591	0.04	0.5	0.5	-0.284073590279973	0.00103041	-1.06230529595016	0.954953934249221	-1.01120561845064	-1.29527920873061	2.30047231432171e-05
rs77580994	0.000225	-0.44	0.994406463642014	-2.49681323914753	1.6e-05	-0.2	0.999268075348263	-3.58993113053613	-6.08674436968365	1.90945809315483e-07
rs77663456	6.561e-05	-4.07407407407407	0.998362436014328	5.0781768138618	4.41e-06	-0.19047619047619	0.999798156252748	-4.23587141616962	0.842305397692181	0.00019505550426577
rs777015	6.561e-05	4.07407407407407	0.998362436014328	5.0781768138618	3.61e-06	-0.526315789473684	0.999834765848353	-4.21559222506489	0.862584588796914	0.00019905145246937
rs777016	6.889e-05	-0.168674698795181	0.998280711045402	-3.16872111693013	4e-06	-3.4	0.999816918335578	1.47615266248332	-1.6925684544468	1.54623850439301e-05
rs777017	6.561e-05	-4.07407407407407	0.998362436014328	5.0781768138618	4.41e-06	-0.142857142857143	0.999798156252748	-4.24380632217163	0.834370491690175	0.000193513881578527
rs77787872	0.0441	-0.619047619047619	0.475624256837099	-0.231639039195625	0.00321489	0.253968253968254	0.871707497039996	-0.998608709497166	-1.23024774869279	2.45504702523176e-05
rs77789728	0.001156	1.08823529411765	0.971911750413063	-1.21070578927897	6.084e-05	2.97435897435897	0.997222553662015	1.46800820389208	0.257302414613112	0.000108666240644718
rs77962359	0.1156	1.14705882352941	0.25706940874036	0.0205424311977227	0.00026244	-0.240740740740741	0.988128439573649	-2.1881707722331	-2.16762834103537	9.61525035434395e-06
rs77997271	0.1156	0.0764705882352941	0.25706940874036	-0.147824688824337	0.00210681	-0.764705882352941	0.912036598201228	-0.948749079525447	-1.09657376834978	2.80616812542188e-05
rs78124336	0.001089	-2.09090909090909	0.973496556255932	0.31277489850559	6.4e-05	0.825	0.997078715872653	-2.57854764437104	-2.26577274586545	8.71639741231338e-06
rs78216580	0.001089	-0.393939393939394	0.973496556255932	-1.73970268933979	7.056e-05	-0.0476190476190476	0.996780248345064	-2.8680953877622	-4.607798077102	8.37931168692842e-07
rs78392484	0.0784	2.57142857142857	0.337837837837838	0.910810862243631	0.00150544	-1.53865979381443	0.935526128127611	-0.263330738114189	0.647480124129442	0.000160526474923278
rs78700949	0.001369	3.51351351351351	0.966907587807295	4.26390374601201	7.921e-05	1.08988764044944	0.996386962834116	-2.21982161793308	2.04408212807894	0.000648758726543673
rs79021891	0.003249	0.912280701754386	0.924876875765914	-0.909446226522319	0.000196	-1.32857142857143	0.991107148113318	-1.48655111697311	-2.39599734349543	7.65210990307531e-06
rs796566	6.561e-05	-4.19753086419753	0.998362436014328	5.58793358274581	3.61e-06	0.473684210526316	0.999834765848353	-4.24190366627142	1.34602991647439	0.00032279216822748
rs79692835	0.001444	2.21052631578947	0.96515780330084	0.679623339188324	0.00010816	1.40384615384615	0.995072961188174	-1.6759716118911	-0.996348272702772	3.1019948109144e-05
rs80115964	0.0961	1.12903225806452	0.293901542983101	0.0133198853416704	0.00026244	-0.240740740740741	0.988128439573649	-2.1881707722331	-2.17485088689143	9.5460539556269e-06
rs80184096	0.0784	2.39285714285714	0.337837837837838	0.761067687946885	0.001521	-1.46410256410256	0.934903116000266	-0.363911859198892	0.397155828747993	0.000124977608140335
rs810334	6.561e-05	-4.07407407407407	0.998362436014328	5.0781768138618	4.41e-06	-0.19047619047619	0.999798156252748	-4.23587141616962	0.842305397692181	0.00019505550426577
rs9811277	6.4e-05	4.25	0.998402555910543	5.79714789751707	3.61e-06	-0.210526315789474	0.999834765848353	-4.33191649145167	1.46523140606539	0.000363656653799565
rs9812875	6.561e-05	-4.07407407407407	0.998362436014328	5.0781768138618	4.41e-06	-0.19047619047619	0.999798156252748	-4.23587141616962	0.842305397692181	0.00019505550426577
rs9814961	6.4e-05	4.25	0.998402555910543	5.79714789751707	3.61e-06	0	0.999834765848353	-4.35407349457297	1.4430744029441	0.000355687722024183
rs9818962	0.0169	-1	0.70298769771529	-0.255497010743984	0.00011236	0.981132075471698	0.994882616641995	-2.1587089901357	-2.41420600087969	7.51403613941349e-06
rs9821553	0.0361	0.526315789473684	0.525624178712221	-0.300076566978776	0.00042849	-1.14009661835749	0.980761618531244	-1.33801705004758	-1.63809361702635	1.63280606602088e-05
rs9828959	6.4e-05	4.125	0.998402555910543	5.27454655965764	4.41e-06	0.428571428571429	0.999798156252748	-4.16219014615099	1.11235641350665	0.000255528812185963
rs9836027	0.0196	-1.71428571428571	0.671140939597315	0.430103274674557	0.00022201	1.47651006711409	0.989938903648916	-1.22046558778754	-0.790362313112982	3.81153254683172e-05
rs9842649	6.561e-05	-4.19753086419753	0.998362436014328	5.58793358274581	4.41e-06	-0.333333333333333	0.999798156252748	-4.19846400216016	1.38946958058565	0.000337123164951421
rs9843512	0.0169	-1	0.70298769771529	-0.255497010743984	0.00011236	0.990566037735849	0.994882616641995	-2.1494561213711	-2.40495313211508	7.58388518337604e-06
rs9846062	6.4e-05	4.25	0.998402555910543	5.79714789751707	4.41e-06	0.476190476190476	0.999798156252748	-4.14065254414555	1.65649535337152	0.000440307836634913
rs9854454	6.4e-05	-4.25	0.998402555910543	5.79714789751707	3.61e-06	0.210526315789474	0.999834765848353	-4.33191649145167	1.46523140606539	0.000363656653799565
rs9855720	0.0196	-1.57142857142857	0.671140939597315	0.272590605177228	0.000225	1.38	0.989804783660274	-1.35042621249955	-1.07783560732232	2.85924629622964e-05
rs9862913	6.4e-05	4.25	0.998402555910543	5.79714789751707	4.41e-06	0.380952380952381	0.999798156252748	-4.18146063215586	1.6156872653612	0.000422701401429884
rs9882308	0.000144	-0.508333333333333	0.996412913511359	-2.68646955218262	1.024e-05	-5.53125	0.999531444761921	11.4572673419961	8.77079778981351	0.541325774428458
