CHR	START	STOP	LEAD_SNP_BF	LEAD_SNP_P_COMBINED	nsnps	PPH0	PPH1	PPH2	PPH3	PPH4
1	2798986	3098957	rs717795	rs148054360	2612	1.20207047689856e-11	2.05056399435118e-12	0.852229953919207	0.145373709836238	0.00239633623048322
1	9225677	9425540	rs72641835	rs2268169	1379	2.47340760193054e-17	2.2568409239253e-18	0.872273706155704	0.0794934488627243	0.0482328449815735
1	17196096	17489820	rs9435732	rs6586496	1695	5.68721209789007e-05	4.96275057149113e-06	0.917694428278789	0.0800751194481014	0.00216861740155914
1	22315459	22515086	rs2235529	rs10917128	1222	8.71913987639231e-07	5.25342540838919e-08	0.916529931279467	0.0551658315598999	0.028303312712392
1	22522336	22722251	rs10917200	rs7516288	1386	0.000303572384707351	2.2317357183732e-05	0.928213893327955	0.0682319011501348	0.003228315780018
1	23161858	23960538	rs2298632	rs56398367	3668	6.11908902791499e-13	1.62674432227004e-13	0.788789075057217	0.20969454533849	0.00151637960352017
1	26020409	26220352	rs807067	rs74753273	1063	0.000364162164542668	2.44869856178743e-05	0.934739441620955	0.0628496880209146	0.00202222120796943
1	26287563	26587038	rs2997447	rs61776651	1669	1.19539771601407e-05	0.000100993266440584	0.0303917619935062	0.255336713889096	0.714158576873797
1	29403232	29602320	rs547976	rs534697632	912	0.0940765016148258	0.00505313293335322	0.853026567055668	0.0458145738876997	0.00202922450845373
1	35726529	35926389	rs1211184	rs1188620	787	0.025662440923765	0.00927233879235407	0.700383621813203	0.253038932926333	0.0116426655443454
1	36274130	36473551	rs645383	rs77669880	695	0.023015191057607	0.00117433200265575	0.924866270711901	0.0471830509571476	0.00376115527068824
1	39451561	40151483	rs3768321	rs17264866	3261	3.44360464826384e-10	0.620628491226615	5.28316097387765e-11	0.0946470628469577	0.284724445529234
1	50810014	51609377	rs12089749	rs12089749	2858	5.26157070612641e-09	0.000222839205350503	7.48737614723535e-06	0.315738947853691	0.684030720303242
1	65434776	65634430	rs875868	rs74458662	979	0.000132327490263668	1.61515295305041e-05	0.889228695020218	0.108532628535578	0.00209019742440974
1	85387701	85587156	rs10518327	rs186916077	1015	0.086400372046145	0.00555472803184408	0.851236554488771	0.0547223000176895	0.00208604541555026
1	85972286	86472073	rs598104	rs183597412	2516	4.61689599964694e-08	8.52122950165976e-09	0.841362697102899	0.155280402082016	0.00335684612489334
1	93954797	94153857	rs236319	rs150030911	793	0.0821901161019459	0.00426465578028931	0.858468210917448	0.0445228294057208	0.0105541877945961
1	103114350	103785252	rs2061708	rs78916381	4331	1.13009998476249e-09	5.63822156126959e-10	0.665964922353863	0.332255341060504	0.00177973489170922
1	110402490	110600612	rs17610659	rs191378	957	0.0464344073652213	0.00372373718246108	0.876167264873861	0.0702560737558586	0.00341851682259816
1	114823797	115123264	rs3789615	rs11102800	1582	2.18441138837902e-05	1.81511418192365e-06	0.895270722469479	0.0743308505844138	0.0303747677180407
1	117426909	117626806	rs1127215	rs10923193	1030	9.63708763029449e-05	0.965087869736861	3.39609090881083e-06	0.0340078996124741	0.000804463683453386
1	118749926	119949543	rs10923724	rs114819733	5830	2.19418216947341e-85	8.30733678113877e-86	0.724365378166048	0.274247341621425	0.00138728021254141
1	120336785	120693896	rs41463147	rs41277624	1011	3.79119834099112e-11	0.919418931928356	3.24437161093349e-12	0.078676767116173	0.0019043009143165
1	150891901	151091181	rs11204762	rs28521412	906	9.77109817115369e-06	0.000137578639200138	0.065827425967254	0.926846423857562	0.00717880043781227
1	154691445	155390931	rs905938	rs4276913	2947	7.95257742821197e-28	2.70125397529959e-27	0.120253307210882	0.407520258199162	0.472226434589958
1	155395651	156095466	rs140953793	rs11264371	2368	1.69913609128705e-08	5.49111033247861e-09	0.695326319432898	0.224548857377191	0.0801248007074392
1	156303961	156503677	rs10796959	rs12141791	859	0.000794130411881791	4.00514321364123e-05	0.935814236713623	0.0471647867677373	0.0161867946746211
1	160114739	160514226	rs4656912	rs680083	1914	4.85443689022616e-06	5.50089655463826e-07	0.896344478924875	0.101566795498003	0.00208332105057751
1	161080007	161279518	rs4656994	rs36123104	962	0.0682513055722436	0.00358692247832906	0.878646922321454	0.0461702794871314	0.00334457014084226
1	163482009	163881642	rs1289021	rs548593156	2135	3.44780663877222e-05	4.91198077603585e-06	0.871493082532762	0.124150221040863	0.00431730637921022
1	164429971	164629387	rs2275560	rs10800030	1005	0.0199878301989138	0.00101432850958465	0.929462784748208	0.0471629870146366	0.00237206952865733
1	164638917	164838461	rs2279469	rs12567366	975	2.99864159740994e-06	1.63399595312409e-07	0.929773284599532	0.0506252704939797	0.0195982828652953
1	165208368	165408224	rs6426912	rs6426913	1203	0.000118099915018505	7.3403766335175e-06	0.661580056075632	0.0405242756256304	0.297770228007086
1	169970836	170870783	rs10919388	rs2254979	4697	1.17477582249265e-61	3.54992758825308e-62	0.740956762073717	0.223831260180895	0.035211977745399
1	172022775	172522249	rs714515	rs9425304	2338	3.64790838330394e-53	2.76228446741016e-53	0.162553318512721	0.121657726884956	0.715788954602325
1	175095936	175295662	rs6425326	rs6672214	1217	0.0108797298698022	0.000800014851786287	0.905356169415818	0.0665403478474456	0.0164237380151478
1	176133993	176433750	rs4650943	rs16849783	1235	0.00185130706829214	0.000139678164963593	0.923859233750593	0.0696947954081395	0.00445498560801231
1	176676297	176875603	rs6656137	rs10798482	877	0.00270456863075068	0.000168831642313298	0.907662087566618	0.0565947123360285	0.0328697998242888
1	199665314	199864715	rs4465240	rs146344206	1132	0.0158457253000054	0.00108024186058304	0.918467846508792	0.062610208190052	0.00199597814056805
1	199919143	200118693	rs3828112	rs2821383	1238	1.78500055074141e-06	1.88272274382085e-07	0.895272646098417	0.0944079170433066	0.0103174635854516
1	202954342	203154307	rs1874142	rs551564298	1031	0.00729941886312645	0.000456598582474226	0.932028590061269	0.0582970968154379	0.00191829567769251
1	203407300	203607047	rs2821231	rs2821226	1164	4.91386127115584e-06	0.000141749277816954	0.00542735270152189	0.154882786936108	0.839543197223281
1	204303865	204503645	rs3747636	rs1008833	1148	0.00139614012893145	0.00018928823023262	0.628895775294438	0.0846958412995364	0.284822955046862
1	204912567	205311998	rs12048743	rs10157145	2314	6.71127191521057e-12	9.13069391033722e-11	0.0181901982976489	0.24600627033913	0.735803531265201
1	212254721	212654457	rs4951583	rs1472226	2101	2.43145908962687e-07	5.41180571566511e-08	0.807716760753853	0.179752019378767	0.0125309226034133
1	214045645	214345351	rs340882	rs7529073	1541	1.43159370080211e-15	0.177296903766117	5.48053924421136e-15	0.678453407927771	0.144249688306104
1	219168558	220068449	rs1531096	rs2820446	4610	1.20136579674337e-96	4.66224436353624e-89	2.57591514211127e-08	0.999657027419871	0.000342946820973957
1	220891415	221390962	rs715300	rs2807875	2544	6.8209672371808e-08	1.15461060597064e-08	0.852770463305261	0.144345874935025	0.00288358200393593
1	221520308	221720004	rs10779436	rs1459231	1105	0.00232135542504116	0.000439523073226899	0.835847237494926	0.158252185726448	0.00313969828035689
1	223923513	224123073	rs6699339	rs12121083	861	0.0102994405380388	0.000493618087420846	0.939742352486966	0.045029870384809	0.0044347185027648
1	227600254	228000231	rs951084	rs1810680	2096	0.000205217666778803	0.000688729626885079	0.224478235229117	0.753327289655637	0.0213005278215817
1	229573537	229772932	rs348330	rs660198	899	5.31403549673198e-05	0.896964362400511	4.72745941370018e-06	0.0797490693959774	0.02322870038913
1	236090155	236289700	rs4660149	rs3768084	1245	0.0211390808456836	0.00301464376106446	0.839156731393305	0.119638016244161	0.0170515277557858
2	9300732	9699412	rs11893688	rs6431988	1943	1.77676612197581e-06	2.99393895877423e-07	0.844727141372001	0.142314797186771	0.0129559852812107
2	11208954	11608834	rs6432188	rs77709582	2325	0.000891860796484091	0.000687677931690439	0.562394219840465	0.433634743957224	0.00239149747413699
2	12970372	13170159	rs711869	rs779398	1000	4.05048366088417e-18	2.25109312850873e-19	0.945649852529854	0.0525517537145219	0.00179839375562501
2	20044051	20243661	rs113386058	rs566279980	974	0.0118160972548266	0.000532662301827638	0.935644205203254	0.0421585608369171	0.00984847440317456
2	23790221	24289781	rs17712391	rs151060448	2562	2.53766489898433e-05	3.11903335958276e-06	0.887667900715646	0.109096477768119	0.00320712583388583
2	24598739	25598423	rs12999687	rs55928417	4741	1.27251746858128e-15	2.00486842854718e-12	0.000630189036790085	0.992858301006475	0.00651150995472731
2	25630648	25829510	rs67442259	rs559802	697	0.00118168498498838	0.0119997641534694	0.0583888895899578	0.592254625529673	0.336175035741912
2	27448196	27847642	rs1260326	rs4666002	1574	6.30244365746623e-13	0.586310934067236	3.86149224781916e-13	0.359122181854977	0.0545668840767716
2	37762760	38062654	rs13406302	rs12615742	1808	6.46316751084503e-06	7.42389689611462e-07	0.895210473510632	0.102824151237586	0.00195816969458151
2	43089310	43288946	rs10153926	rs56054850	1490	0.0216848206183171	0.069147765252329	0.216652784568339	0.690851172289405	0.00166345727160998
2	43321390	44120947	rs6752964	rs6752964	4949	7.55433159869368e-29	1.92797530288106e-06	1.11581074522763e-23	0.283337811296509	0.716660260728184
2	48855069	49054800	rs17326656	rs142262742	1342	1.93959879634052e-06	1.22103387014126e-07	0.935042612043637	0.0588514449414667	0.00610388131271387
2	57842453	58742298	rs6717480	rs13016665	4037	2.20913915892904e-05	7.26331082409206e-06	0.749962561333061	0.246569313341857	0.00343877062266922
2	59851529	60051049	rs13028903	rs1442883	1043	0.0356132777285729	0.00201077173442027	0.90896564533539	0.0513171900589035	0.00209311514271306
2	60452566	60652100	rs968919	rs968919	1221	1.64661346636014e-09	0.681723507767936	2.16593357204368e-10	0.0892148852091933	0.229061605159663
2	65176133	65375956	rs2249105	rs2249105	1166	1.12502835062613e-05	0.926237141021514	5.66005814605597e-07	0.0465449118558162	0.0272061308333497
2	65502200	65801490	rs2860773	rs4671656	1722	1.00170863072826e-05	0.927608291584063	7.74710760084703e-07	0.0717389509622913	0.000641965656578727
2	65863049	66362818	rs13391573	rs13386347	2838	3.01005845690672e-24	8.17545908664468e-25	0.752850902628331	0.204392301071056	0.0427567963006133
2	66629486	66829249	rs11897119	rs2280334	913	3.63349880049465e-10	2.00176783437387e-11	0.945835885561424	0.0521038877309686	0.00206022632423981
2	67350063	67949792	rs7598832	rs2902005	3602	1.13599460081692e-17	2.98133955974907e-18	0.790416931027298	0.207435181796449	0.0021478871762521
2	68270258	68569777	rs930653	rs4671892	1370	0.00124046803222532	0.000146119452532769	0.876285944996376	0.103182768475796	0.0191446990430707
2	96697823	96994224	rs79046683	rs569131625	767	0.031309760374799	0.0670312279141649	0.286331682106222	0.613004333077791	0.00232299652702328
2	99957272	100556613	rs9308827	rs2043006	2584	2.33055500145293e-10	3.26417686758114e-11	0.865780387861087	0.121235289411623	0.0129843224615932
2	111498050	112296552	rs1345203	rs17484848	3096	7.83823870172777e-24	2.55748350410005e-21	0.00298404519097571	0.973596174107887	0.0234197807011402
2	112309031	112508246	rs12615539	rs12615539	870	0.00483635552060277	0.000856725512553383	0.590444937519046	0.103993326532488	0.29986865491531
2	114304301	114803956	rs4372913	rs62170074	2397	1.54056344843499e-07	2.30761872178194e-08	0.867678851404764	0.12996539582679	0.00235557563591483
2	117942496	118142210	rs568553391	rs545548087	989	0.901293351941264	0.0682535916166403	0.0271500224105875	0.00205353140705089	0.00124950262445696
2	119169445	119569315	rs332105	rs7568084	2173	1.88012891787041e-07	3.00471446175557e-08	0.860425778134566	0.137504185151217	0.00206981865418163
2	121205963	121405279	rs11688682	rs9784137	1354	2.6776918756007e-07	0.801446256058755	6.57143090459217e-08	0.196682394390964	0.00187101606678467
2	157833358	158032494	rs139459133	rs16841206	835	0.0252708562656392	0.0014370967857285	0.888380044523965	0.0504512545152586	0.0344607479094086
2	158135230	158734557	rs55920843	rs10497186	2305	4.81516689127657e-18	5.64669000859558e-14	8.52562134223124e-05	0.999789412650586	0.000125331135932486
2	161240218	161440109	rs6722159	rs6710938	958	0.109858374031765	0.0375305973617334	0.579575676160353	0.197848381586367	0.0751869708597814
2	161571999	161771300	rs270960	rs175238	1057	0.00120271201608485	0.00026491231764421	0.815980027958954	0.17972411880599	0.00282822890132599
2	165355169	165854983	rs1128249	rs10184004	2281	2.21978763131592e-95	3.84345869277813e-76	4.92906182760774e-22	0.00654753560114107	0.993452464398866
2	171242713	171442478	rs6433219	rs1344942	1241	2.64884741883495e-09	2.06337711311902e-10	0.907660230942452	0.0706608032007525	0.0216789630016095
2	172198733	172498255	rs55862034	rs56412116	1695	1.55157514356361e-07	5.24247247918779e-08	0.243158746533842	0.0808065710663198	0.676034474817599
2	187620297	188419717	rs1569135	rs6717397	3774	1.27873572858787e-26	2.4894898985708e-27	0.834065804445992	0.162371883680388	0.0035623118736186
2	191626814	191826556	rs74809942	rs140315910	800	0.00428510933255066	0.000275578643372974	0.917675115051462	0.0589788144978482	0.0187853824747661
2	206832986	207232923	rs3732083	rs75131425	1874	0.000219098803451171	1.93343868789038e-05	0.914840944892474	0.0807217956785649	0.00419882623863063
2	216187135	216387047	rs1250259	rs190729224	1116	1.17637954880475e-09	7.75747222203253e-11	0.9289883283913	0.0612413096513332	0.00977036070341267
2	218177312	218477096	rs2373078	rs549213673	1705	5.0929759061544e-07	5.39816676037817e-08	0.901047350325252	0.095497250286105	0.00345483610938527
2	218952778	219252436	rs4552182	rs10193189	1528	0.0017652277002387	0.000244123824595428	0.73112817903225	0.100779893826034	0.166082575616881
2	219600065	219899797	rs78058190	rs113414093	1266	8.3946224274813e-09	4.61475067023854e-06	0.000489429815529059	0.267588954124513	0.731916992914664
2	224929102	225228660	rs6761041	rs150636101	1760	6.35432989723315e-05	5.95190365354757e-06	0.912537420135337	0.0854707039753446	0.00192238068669337
2	226740956	227240815	rs2943657	rs1522811	2570	5.57241225422957e-36	0.000691542823523886	8.05217491863224e-33	0.999284197637102	2.42595393697153e-05
2	239169045	239468585	rs3891424	rs72978033	1723	0.0119746357660899	0.00113198351150388	0.895443933175252	0.0846342693903313	0.00681517815682278
2	239574725	239874135	rs146095395	rs6722214	1795	1.48953108123134e-05	9.06446714175353e-06	0.619016554064843	0.376690901010198	0.0042685851470046
3	9875391	10075379	rs2270894	rs185511303	1169	0.0456253718143432	0.00327078547614107	0.884006461435219	0.063365070876399	0.0037323103978976
3	11168105	11667766	rs6442253	rs2606735	2585	8.53940190936381e-06	3.35883253460555e-06	0.468789794375304	0.183695708572637	0.347502598817615
3	11867871	12967751	rs17819328	rs3103310	6159	5.69883845030628e-62	1.27366697250611e-40	4.47435520691342e-22	1	1.12496887509692e-17
3	23087440	23687397	rs13094957	rs11710420	3469	3.10850258553774e-16	0.814137877643783	6.48073716172122e-17	0.169702575867651	0.0161595464885641
3	25485229	25685074	rs1286769	rs184027180	1135	0.0476373725078761	0.00275860089062683	0.895858911372672	0.0518739549723015	0.00187116025652315
3	33740852	33940674	rs12495243	rs72859908	982	0.000839723170738619	6.01560842475624e-05	0.930221747532835	0.0666347335537571	0.00224363965842123
3	35535221	35734233	rs11129657	rs76387355	991	5.68820942396549e-05	2.59855707014924e-06	0.95167666870344	0.0434660564425527	0.00479779420269684
3	37432806	37832611	rs174829	rs6780883	2242	2.22934379417762e-07	3.30255362583687e-08	0.86951468044812	0.128806693469693	0.0016783701222724
3	43317197	43816957	rs740838	rs116480741	2166	1.14187455216931e-07	2.48000071109913e-08	0.642536429279651	0.139113726553102	0.218349705179784
3	46797507	47597245	rs11917361	rs6774733	2720	3.98983338189119e-16	5.93298064129678e-12	2.9793745384733e-05	0.441924250076971	0.558045956171712
3	47669975	47869775	rs76060013	rs62262091	637	0.00651423913440525	0.00303520450333338	0.673696039724247	0.313892062916951	0.00286245372106316
3	47911383	48111221	rs9882308	rs7638388	565	0.0290089733636639	0.0653412157144055	0.277921955077434	0.626001410875094	0.00172644496940263
3	48113624	50713088	rs4974081	rs2624847	8986	2.71290568387375e-19	1.30807721845305e-18	0.168242444038008	0.811170618452147	0.0205869375098426
3	51069189	51368508	rs4378999	rs55966607	1080	0.000237072774239875	1.7302195560304e-05	0.926418094793497	0.0676009798245308	0.00572655041217289
3	52007329	53606706	rs2276824	rs11242	7570	3.09734268142122e-32	5.08170495245401e-32	0.377171328705443	0.618804141306598	0.00402452998796476
3	54727074	54926671	rs76263492	rs72872226	1033	0.00427130311243029	0.955031682926904	0.000173015685826849	0.0386813382567504	0.00184266001808905
3	57022849	57222658	rs17289049	rs9830791	1130	0.000350434650033191	2.25121712312215e-05	0.936662030614565	0.0601662376553279	0.00279878490884286
3	57281859	57480889	rs59593126	rs114939178	1061	0.0434779378349525	0.00208766073989661	0.907743136050541	0.0435804755225645	0.00311078985204542
3	61420696	61619980	rs73094710	rs184934542	1222	0.000743470296970826	4.21579595407519e-05	0.942144850014051	0.053416353802621	0.00365316792681664
3	63753603	64053207	rs2292662	rs9842724	1352	5.35461226884464e-06	0.806440624318328	6.4168765720803e-07	0.0964482671229346	0.0971051122588113
3	64477535	64977349	rs2371767	rs4132228	3195	1.46226176270193e-103	1.30069853169804e-93	2.90038623048505e-12	0.0238469605611745	0.976153039435919
3	66374987	66574934	rs7626079	rs7626079	1272	0.00358747108161042	0.0257679692748915	0.113311986021203	0.813806553748033	0.0435260198742616
3	72694005	72893354	rs13085136	rs139655565	864	0.00355801700535327	0.953684185873821	0.000152742140334253	0.0409373806552726	0.00166767432521831
3	78603549	79002843	rs17311057	rs11927671	1921	2.0372397599804e-06	2.74272267812905e-07	0.865609520711464	0.116500673469597	0.0178874943069107
3	99129223	99929024	rs56260910	rs191258048	3618	1.63446265255358e-05	3.03996674332294e-06	0.839378267434803	0.15610849923827	0.00449384873365791
3	107155416	107555203	rs16853606	rs17811616	1673	0.000112015265708398	1.29678702285506e-05	0.629066247305027	0.0722290702104812	0.298579699348556
3	113184156	113383362	rs13092681	rs62265519	1089	0.00274246884675785	0.0273876045169961	0.0747048464322792	0.745739446308116	0.149425633895851
3	122824513	123224070	rs11708067	rs6794936	2166	2.69658120657735e-30	0.0152862453661317	1.73707044220462e-28	0.984701825023633	1.19296102326072e-05
3	124820083	125019405	rs7638240	rs7638240	1179	0.000115834858115743	0.684531363541007	4.86527951259498e-05	0.287460218226192	0.0278439305795581
3	127289959	127488500	rs1979527	rs570969125	1012	0.00223045626337374	0.000158816036034935	0.929007296411025	0.0661435444155308	0.00245988687403492
3	128249459	128449322	rs55683935	rs186004778	1101	0.00205338588071952	0.000121181209003869	0.934635683249814	0.0551417206669835	0.00804802899347878
3	128470671	129770296	rs9837325	rs59899263	6608	1.00035537917338e-47	8.86803221887014e-47	0.0613070185177766	0.542687463135547	0.39600551834668
3	135714105	136513687	rs10935182	rs667920	3189	0.000703305189142647	0.000151528883861924	0.81646629608593	0.175896165482928	0.00678270435813751
3	136573289	136772990	rs835637	rs77203258	825	0.0753788443120688	0.00366344460490668	0.875581755512514	0.0425479980665703	0.00282795750393969
3	137897905	138397435	rs9848655	rs2347252	1843	2.32195810654194e-15	2.36006817541258e-11	2.58271491280674e-06	0.0242996520431841	0.975697765218299
3	149918700	150118281	rs62271373	rs62271373	1034	1.16830646528688e-19	2.07149301470548e-17	1.17039636428522e-05	7.53727121974264e-05	0.999912923324162
3	152269671	152569532	rs79153733	rs11929247	1685	4.66606286155507e-07	0.885379664217327	5.95579404964214e-08	0.113007231244655	0.00161257837379155
3	156691408	156891102	rs1482853	rs1482852	1003	6.90429684012542e-52	6.06247700143697e-53	0.89159127007993	0.0782278650760907	0.0301808648439777
3	168710059	169009952	rs998749	rs12633242	1605	1.20247425960035e-09	9.8496423247244e-11	0.921852399397191	0.0755049915139161	0.00264260778792329
3	170480110	170779542	rs34249469	rs73165897	1434	1.08717348994354e-16	0.958803363443847	4.5983810007749e-18	0.0405528946289581	0.000643741927195198
3	171660495	171860386	rs4894803	rs1499813	881	7.10315362428642e-10	4.8432764166531e-11	0.681154224641331	0.0458985211259799	0.27294725347394
3	185173879	185573440	rs7651090	rs4686696	1615	2.59276478613417e-57	2.6855020796112e-12	7.66003379605861e-47	0.0774951479500793	0.92250485204724
3	186561201	186759854	rs3887925	rs13322149	1325	1.08534832513728e-09	0.952730337205067	5.24890313999172e-11	0.0460730384163305	0.00119662324076548
3	187568510	187768432	rs6808574	rs581140	1194	1.35319355801212e-15	0.00999181545132654	1.34053688583246e-13	0.989835668421047	0.000172516127490528
4	596189	1095660	rs11724804	rs73056586	3658	1.34592592258018e-20	3.50803914132285e-14	3.83668867660367e-07	0.999999615489354	8.4174010978541e-10
4	1212454	1412389	rs17742599	rs2878539	1593	0.000343380774785366	0.00314655954437458	0.0980215991850106	0.898217474640439	0.000270985855391136
4	1524500	1824072	rs56337234	rs1867926	2384	4.06460319809124e-16	0.209689160404148	1.53105171690377e-15	0.789854661254154	0.000456178341697935
4	2986991	3286676	rs362275	rs2530598	1894	0.0021983162159019	0.000303450615326672	0.832904810214827	0.114872861469331	0.0497205614846132
4	4890346	5090275	rs4450871	rs57137609	1529	1.8717167023145e-11	1.82172947193555e-12	0.893484832868817	0.0869231029930901	0.0195920641175522
4	6155340	6355000	rs1801213	rs4513637	1650	7.15108836050223e-27	0.958022551786439	2.98264301649924e-28	0.0399540565105924	0.00202339170297157
4	13073349	13273126	rs917681	rs4834862	1246	0.00321257531111237	0.000182550126310305	0.941017659115716	0.0534677815195277	0.00211943392733278
4	15249712	15449303	rs4303974	rs547227680	1034	5.85305333054969e-05	3.95365024680884e-06	0.932796054899732	0.0630007010471476	0.00414075986956862
4	25907790	26506413	rs6853254	rs1567648	3044	8.82782432936567e-14	1.54180224610832e-14	0.838248271926308	0.146371458198699	0.0153802698748894
4	56097727	56597265	rs10462028	rs28708716	2828	1.43742973215332e-16	2.78164951498772e-17	0.82023197345256	0.158685445662993	0.02108258088445
4	83461534	83661461	rs10471048	rs80146017	1397	0.00284376407590986	0.965631933274571	9.06083191402696e-05	0.0307657333730951	0.000667960957283064
4	89433246	89932671	rs2276936	rs7660000	2294	1.88756376460302e-48	2.84281189147127e-46	0.00266280226960447	0.399842904735747	0.597494292994649
4	102602365	103201821	rs13107325	rs192451801	3116	9.86436404837518e-13	1.56076725702452e-13	0.860598797696783	0.13615986502843	0.00324133727364445
4	105964665	106263681	rs56185013	rs17035289	1487	6.83097496197834e-06	6.42184363711801e-07	0.906887215859777	0.085241324338705	0.0078639866421916
4	120006531	120306228	rs1511022	rs1026501	1661	0.000371951515108687	2.60130772462383e-05	0.930758984870393	0.06508673860937	0.00375631192788236
4	120315242	120615177	rs4834790	rs13107334	1347	0.000820043483429733	7.04048288599953e-05	0.915910837640566	0.0786263753628619	0.00457233868428188
4	122473217	122672989	rs7680787	rs41376745	1238	1.34472178509972e-07	7.42003414464999e-09	0.945746509014287	0.0521811586820645	0.00207219041143516
4	123597171	124296888	rs303084	rs303084	4063	3.19841182982966e-13	2.24419775856649e-13	0.078522100010896	0.0533595828593091	0.86811831712925
4	124913107	125312870	rs11726981	rs76003461	2211	2.92279665200355e-07	3.11197574722289e-08	0.90034578616175	0.0958545012664542	0.003799389172372
4	145128760	146228688	rs789351	rs11727676	4359	1.43538747217872e-21	2.21353987370954e-21	0.393028884272519	0.606095992501909	0.000875123225572181
4	153152155	153551291	rs6813195	rs34546481	1678	3.37262414242254e-08	0.946724221828525	1.84988936527399e-09	0.0519252636135618	0.00135047898178189
4	157515627	157814976	rs1425486	rs12641088	1593	2.11059979616258e-08	1.39842684585328e-05	0.000131727844763566	0.0854505312262083	0.914403735554571
4	177491917	177691440	rs2333496	rs1531956	1113	0.00102705170887771	6.92194751632205e-05	0.933662073585063	0.0629207183146851	0.00232093691621158
4	185608861	185808787	rs115657925	rs10021219	1483	1.85509191388917e-06	0.925146209261464	1.47571421635693e-07	0.0735922933751065	0.00125949470009512
5	3864942	4164439	rs2459732	rs189617929	1835	3.80359644855252e-07	5.15852269052773e-08	0.878787540170571	0.11917906844987	0.00203295943468718
5	14639040	14938833	rs146886108	rs10078863	1512	3.85790666086515e-08	0.940147270660158	2.21956426025234e-09	0.0540778169722069	0.00577487156900387
5	32648893	32848173	rs3792751	rs565296053	1191	2.52150012366873e-07	1.5576945372463e-08	0.938805790656468	0.0579897279962249	0.00320421362035032
5	33941719	34141514	rs10074193	rs299618	653	0.00352011347737658	0.000169263166834434	0.937323439378964	0.0450429123605116	0.0139442716163139
5	38632097	38831658	rs4293945	rs6884185	1196	0.000361017045384679	9.73670467710522e-05	0.761551572244417	0.205326713691726	0.0326633299717021
5	51972277	52171901	rs59387648	rs62358386	1164	0.00322275035480507	0.963909492510644	0.000106395381842267	0.0318204771560479	0.000940884596661451
5	53171447	53471290	rs3776705	rs1541681	1658	3.64744670611998e-11	0.000533153917190963	6.53917273807859e-08	0.95575534644338	0.0437114342112262
5	54438248	54637437	rs186740	rs2198860	904	0.000197639392083513	1.31752500749961e-05	0.90451738847159	0.0602278246561811	0.0350439722300696
5	54640496	55039706	rs7736177	rs6893961	2192	1.97852081126721e-13	1.26700213648209e-13	0.430974476558974	0.275399525327453	0.293625998113249
5	55120998	55320369	rs7730168	rs12522335	933	0.0119662239530215	0.000556457602454432	0.939235816082911	0.043667530045743	0.0045739723158703
5	55650935	56050465	rs459193	rs465002	2574	2.26731637198722e-57	6.34808745852965e-43	8.70415713170671e-17	0.0224149404696213	0.977585059530391
5	60660843	60860588	rs11954430	rs6898746	677	0.00965187231811961	0.000460299679182182	0.933641447726502	0.0445020546521908	0.0117443256240054
5	64507801	64807128	rs6867518	rs75503695	1265	1.7597195317023e-05	1.31289986513651e-06	0.928015645971437	0.0692323637603026	0.00273308017307853
5	66192394	66391850	rs34696	rs34696	1049	0.00840015918428815	0.000595584569840826	0.864227936223773	0.0611438624184515	0.0656324576036473
5	67614395	67814145	rs4976033	rs10515086	937	0.00148010623202689	0.927961916443074	0.000111271595546821	0.0697610557576785	0.00068564997167325
5	75853526	76053115	rs2227831	rs13164627	1224	0.00203695365135559	0.000198492583317923	0.904140237025149	0.0880936096023513	0.00553070713782637
5	76325023	76524346	rs6878122	rs7708285	987	4.95036689754062e-18	2.1690623644764e-07	1.74055531664859e-12	0.0744133365619335	0.925586446530088
5	77326355	77525997	rs7448322	rs138075458	872	0.00809435376099129	0.000853632687255707	0.894496274282587	0.0943293607755895	0.00222637849357642
5	82734331	82934245	rs2290673	rs72771232	1045	0.0187381174372318	0.0010072612217971	0.926250630336294	0.0497818478670379	0.00422214313763977
5	100674725	100874578	rs114202318	rs146088720	1243	0.00675331811213375	0.948644562405233	0.000270062647584045	0.0379231208600133	0.00640893597503594
5	101024098	101323930	rs77372998	rs79183600	1706	2.23123073095757e-07	0.932654381302982	1.49608450541012e-08	0.0625266906389575	0.00481868997414303
5	101375152	102774930	rs74567345	rs3776864	7342	2.35532431358831e-30	2.11429009043543e-10	1.11400243481128e-20	0.999999997896353	1.89221225822599e-09
5	102873421	103073043	rs116407196	rs294042	1055	0.000211193199997162	0.767060181494245	6.32948017378865e-05	0.229883097239235	0.0027822332647846
5	118539329	118938880	rs1045241	rs6888463	2130	2.02015839179185e-16	1.26494411983807e-15	0.136025090288173	0.851711350670426	0.0122635590413973
5	127250623	127550268	rs3749748	rs6860245	1156	4.19139623775348e-10	7.48241999707039e-10	0.0145884707507036	0.0241205452119108	0.961290982870006
5	130644952	131343491	rs1029472	rs12655084	2453	0.00180612171753093	0.000246657488533308	0.869746601277129	0.118760219328418	0.00944040018838898
5	132047178	132546689	rs11747001	rs7732635	2617	2.28276351670838e-11	4.42746632002508e-12	0.835222091320214	0.161987444279285	0.00279046437324616
5	133727551	133926830	rs329122	rs2589408	934	1.00541590581277e-07	0.518799914675952	1.19639465424904e-08	0.0608939837204278	0.420305989098081
5	134292451	134491908	rs6881034	rs1039596	1059	3.40286607859078e-05	2.7031157502245e-06	0.923541326692983	0.0733567068716357	0.00306523465884454
5	137598340	137898181	rs10055995	rs6874130	1242	0.00177533671199936	0.000113831412070503	0.935999874603202	0.0600104354496786	0.0021005218230492
5	141669507	141869191	rs254431	rs450988	1154	0.000610623667143751	6.01177427221404e-05	0.887630821194577	0.0873412185310098	0.0243572188645468
5	141873482	142173309	rs10477191	rs34012	1771	1.66972595445266e-10	1.04365215957568e-10	0.580955037752883	0.363010381052399	0.0560345809233792
5	148450108	148649811	rs4362930	rs55706015	1065	6.57666112701323e-08	7.86058465111883e-09	0.885165746338647	0.105779043403801	0.00905513663035719
5	149750812	149950246	rs2343813	rs150949995	1115	0.000267179334918369	2.18087647841677e-05	0.874925932285689	0.0713097022833315	0.0534753773312769
5	157779335	158079197	rs2434612	rs2434612	1727	2.23658996928679e-06	0.00117305446031014	0.00190059312450376	0.996829481143973	9.46346812441816e-05
5	171683267	171883138	rs28399353	rs2569211	1238	9.39767173323507e-05	4.01107750096743e-05	0.696044135865699	0.297069331401582	0.00675244524037593
5	172042793	172242266	rs12657303	rs6862893	1208	0.00119707075758929	7.67256312668144e-05	0.935166968669065	0.0599317884393226	0.0036274465027563
5	172646183	172846036	rs4868256	rs67189644	1197	5.39541320758859e-05	3.57553939269065e-06	0.935834666931382	0.0620135585839884	0.0020942448131605
5	173036741	173436604	rs6861681	rs359477	2647	1.00394292075863e-40	2.82868087950939e-41	0.648184317382005	0.182291512328232	0.169524170289769
5	173439688	173639275	rs12516173	rs146899447	1256	0.000218381718969798	1.95608892081136e-05	0.913051672213043	0.0817739994578642	0.00493638572091501
5	176409307	176809192	rs6556301	rs6556312	2057	2.66164246919645e-23	3.38750899746499e-24	0.885444987595927	0.112688068145549	0.00186694425852553
5	178407229	178607083	rs1445845	rs115623187	1276	0.022481476088114	0.00154937917531839	0.911216229803027	0.0627953176108632	0.00195759732267716
5	180545257	180729165	rs11746028	rs577905911	1231	0.00752446027410213	0.000485718502146701	0.929098570422545	0.0599692704705367	0.00292198033066927
6	1498270	1698198	rs2745596	rs62390654	1305	0.043283772299736	0.00297216149618066	0.890348562872168	0.061132930675852	0.00226257265606294
6	6624994	6824407	rs1294438	rs73353773	1357	1.28115301230568e-62	1.06243916983958e-63	0.920726220944285	0.0763484639937847	0.00292531506192108
6	6897301	7397081	rs11755724	rs7451690	3404	4.69841250567706e-31	1.22027442422355e-14	3.85029171505126e-17	0.999999999999957	2.5983661279471e-14
6	14404349	14604208	rs6932767	rs857469	1156	4.12702458533703e-06	2.43450430921801e-07	0.941945098672742	0.0555597322626076	0.00249079858963301
6	20330076	21229569	rs9368222	rs7744833	4773	2.9048475626018e-70	0.000608838506434696	3.62068432048932e-67	0.758391568687168	0.240999592806389
6	22468437	22668136	rs2294823	rs12664866	1344	0.00348136502521284	0.000215102344028992	0.936450642668261	0.0578562790698523	0.00199661089264449
6	25137304	33036631	rs9378213	rs2647024	64822	4.55618050501764e-55	2.6557170263462e-40	1.71561219026197e-15	0.999999999839048	1.60948039703342e-10
6	33221696	33521662	rs3117324	rs465877	1859	2.6739882034828e-05	6.45915676439631e-06	0.797349285230621	0.192583775070263	0.0100337406603176
6	33866907	34966705	rs114088263	rs77136196	7335	7.45829755529697e-82	6.30028964238833e-78	5.87616677208025e-06	0.0477335529315351	0.952260570901696
6	35000453	35699622	rs45617037	rs33959228	4050	7.15446739766866e-15	3.90367133656766e-15	0.633497230764549	0.345611477691237	0.0208912915442015
6	41566283	41865926	rs13198178	rs2031847	1665	1.52741484902956e-10	2.96085853227716e-11	0.729146926378113	0.141083915272712	0.129769158166824
6	43001746	43401463	rs9369409	rs2396027	1866	2.07912813918872e-08	4.27238917476596e-09	0.808517516991392	0.166091044706605	0.0253914132383316
6	43497516	43896807	rs998584	rs998584	2148	6.71864903867549e-182	2.31602363035731e-175	1.16180477515374e-09	0.00200894104326062	0.997991057794913
6	45365928	45565734	rs13201287	rs3899143	944	0.0260563730209217	0.00180722849743573	0.905521907577522	0.062797922921759	0.0038165679823611
6	67287611	67487113	rs555402748	rs77085102	1337	0.78287188457835	0.0822147200220667	0.119863134281129	0.0125827107452889	0.00246755037316489
6	80487850	82087664	rs9688535	rs6940768	9956	1.98226340332714e-19	2.47239509727718e-19	0.443564888425588	0.553233723448662	0.00320138812574808
6	82186652	82386065	rs72895340	rs4706896	972	0.000179727794771257	1.05659991198277e-05	0.940054510356715	0.0552557705282982	0.00449942532109631
6	84938245	85737915	rs9341990	rs74845409	4584	1.55059708108775e-10	4.01425013870088e-11	0.793106004629261	0.205319428079362	0.00157456709617693
6	100497756	100696864	rs6941962	rs11155284	755	6.76214227107722e-19	3.01524687136099e-20	0.954616731389515	0.0425608229124907	0.00282244569799131
6	112423206	112621959	rs11757455	rs6913656	981	0.00597004721554871	0.000661406841095825	0.851267587126398	0.09421406756383	0.047886891253127
6	125743080	125940989	rs72967735	rs577261777	969	9.12855550514413e-08	5.06077014706584e-09	0.932813424961822	0.0516831372599405	0.0155033414319124
6	125990932	128290412	rs72959041	rs9398803	8795	1.66893209528826e-301	9.37896478010983e-291	1.77944169132112e-11	0.999999999896545	8.56373397389102e-11
6	128294709	128594468	rs141617002	rs191203473	1323	0.000463058442345993	4.18329313699373e-05	0.904513540986723	0.081687617961086	0.013293949678475
6	130212130	130511789	rs9402211	rs9402211	1541	3.02439051932082e-15	3.53312159501468e-14	0.0200429900293566	0.23264948919697	0.747307520773635
6	132669170	132868948	rs11154680	rs111334051	1141	4.5531517323856e-06	3.36603342804784e-07	0.928425497162087	0.0686303418732388	0.00293927120959921
6	133382160	133680658	rs6940715	rs7747638	1667	3.75822203160593e-07	4.70314625883687e-08	0.58773025535191	0.0728714449830163	0.339397876811408
6	137187853	137387701	rs1573090	rs6570127	1108	1.43498190037414e-07	0.965246155587332	4.54393000976259e-09	0.0305565275756253	0.00419716879492257
6	139706975	139906701	rs679582	rs2982521	1192	5.74147602566935e-38	1.54942330707302e-35	0.000373369662173286	0.09895805889724	0.900668571440588
6	151921076	152120989	rs73005768	rs139633484	1231	0.00798397263470692	0.0135245431420073	0.361487835861207	0.612337183660981	0.00466646470109816
6	153390257	153589445	rs672341	rs4481443	1119	0.00844049529521251	0.00998671811709194	0.444293315665713	0.525660617288581	0.0116188536334011
6	160593700	160992192	rs541091	rs474513	2467	2.22751285139311e-26	1.53270603371228e-20	6.29059377388242e-08	0.0413670233150726	0.958632913778991
6	163993124	164192544	rs4709746	rs17630640	1200	1.20537019548943e-07	0.0114578931868232	1.48990940397965e-07	0.0122099751668888	0.976331862118328
7	14113442	14312848	rs2158828	rs4719392	1333	0.00718959936160142	0.000456104539089647	0.930825208418155	0.0590461134379484	0.00248297424320481
7	14759141	15159059	rs10244051	rs76048766	2698	5.33177787569575e-16	0.914476978203552	4.94972046925973e-17	0.0848936021847879	0.000629419611657992
7	20244649	20543995	rs6972297	rs35386086	1821	3.1974930825951e-08	2.83913249465188e-09	0.911924751367973	0.0809577994307917	0.00711741438717158
7	23412969	23612866	rs4279506	rs34610702	1030	0.0347001033596044	0.930209149327765	0.00121165399839896	0.032478128269166	0.00140096504506587
7	25459338	25658509	rs974340	rs17725815	1225	0.0735919607564293	0.00379520096129552	0.873650419005479	0.0450470757996371	0.00391534347715865
7	25723682	26623091	rs2391168	rs1534696	4843	1.1166535900057e-44	6.29710736386121e-45	0.631544896012914	0.35612033827459	0.0123347657124992
7	26641323	26840738	rs113269332	rs212837	1107	0.0069412258494695	0.000357363269323452	0.924630970650451	0.0475628452455195	0.0205075949852366
7	26899433	27399159	rs17437657	rs78899540	2230	6.30356278368884e-23	1.22499850999959e-23	0.81612942824639	0.158551308956491	0.0253192627971211
7	28038373	28338080	rs849142	rs1513272	1729	6.81156528101712e-55	6.10653135911007e-21	1.49939012081148e-36	0.0114648809354021	0.988535119064603
7	30836316	31035816	rs12112380	rs28362731	1217	0.0229413040229378	0.00200265074854454	0.88867591514174	0.0775589192634553	0.00882121082332271
7	32807746	33007105	rs7811609	rs4720089	1073	5.19926376465915e-05	4.3019465421947e-06	0.921766013292293	0.0762644355540641	0.00191325656945453
7	42565411	42765322	rs1857759	rs7804170	1206	2.6146174221228e-06	1.62633788933309e-07	0.937978075814624	0.0583365159940838	0.00368263094008196
7	44088395	44287966	rs878521	rs2971672	1087	1.32393887648173e-06	0.902481965723298	1.29418770457333e-07	0.0882015350825754	0.00931504583648063
7	45855790	46054925	rs3110697	rs2949833	995	5.42766500754057e-05	3.7002512034659e-06	0.928181503918731	0.0632607584488356	0.00849976073115494
7	46160178	46359891	rs34803469	rs6945058	1390	0.0115975218547622	0.0331644288467447	0.228282082832294	0.652649889792955	0.0743060766732442
7	46374708	46674496	rs12702220	rs13243905	1839	0.000217727797058293	0.000507197906470151	0.0756706674483141	0.174777514703768	0.74882689214439
7	50636729	50836649	rs2529411	rs58511572	1313	0.00563502971434376	0.00083735721012416	0.862656861828916	0.128184180371482	0.00268657087513381
7	68586169	68785864	rs7797307	rs146245413	1195	0.0133009725284436	0.000983067043731315	0.913222091656027	0.0674856904418163	0.0050081783299817
7	72736265	73135699	rs62466318	rs72649044	1961	1.55109688132674e-18	3.53488602349552e-18	0.304742684664137	0.6944945241165	0.000762791219361291
7	76777099	76976834	rs3108415	rs6978259	1133	0.00559839266559156	0.000590174835561963	0.896280977532726	0.094478601122641	0.00305185384347961
7	77012502	77612346	rs4729668	rs12669521	2928	1.79553577517626e-16	4.40622853989196e-17	0.800229194185897	0.196368715741228	0.00340209007287197
7	80470420	80669861	rs917191	rs7794372	1140	1.02542963660933e-07	6.57138947862102e-09	0.932345271661074	0.0597328089431998	0.00792181028137359
7	84234800	84734036	rs13232789	rs11982720	2186	3.24531242237562e-06	4.47019472473501e-07	0.853239990406217	0.117469368180671	0.0292869490812177
7	92982725	93182642	rs2299253	rs9691220	984	5.15695431436225e-07	2.52789221901744e-06	0.013767245400151	0.0656446177472914	0.920585093264907
7	101586675	101786271	rs421168	rs4727518	1098	3.57504554879215e-05	7.16179211379835e-06	0.830910146469946	0.166448787370062	0.00259815391239076
7	104481423	105081043	rs1144	rs10953470	2610	1.69000404784941e-10	6.63157333145678e-11	0.645684337902777	0.253164133623024	0.101151528238881
7	105234659	105433551	rs62487041	rs670004	1103	0.0330722429671461	0.00247443713454816	0.89551575676504	0.0669978490398122	0.00193971409345361
7	107471096	107670346	rs11770285	rs3893568	1115	2.41946208030249e-17	2.80646126178535e-18	0.740181454079609	0.0855089188522944	0.174309627068096
7	116788207	117288114	rs39312	rs177069	1900	5.34719121058967e-10	7.67753672706709e-11	0.870183342311404	0.124931798796023	0.00488485828108051
7	120625410	121125034	rs4731005	rs2707520	2403	5.19082625882846e-10	8.5287342920929e-11	0.850729320846435	0.139759192869551	0.00951148567964393
7	129927283	130126860	rs2268382	rs1558917	1032	0.0237333140847392	0.00229968764909426	0.682647164628027	0.0656952336544326	0.225624599983707
7	130323357	130522932	rs738134	rs1364422	948	7.34862411257329e-22	2.47421290618719e-11	3.50910782230281e-12	0.116381135764917	0.883618864206829
7	135148731	135348400	rs10258495	rs201214950	1100	0.0332924236792443	0.00276874224001961	0.888101151665686	0.0738543741193469	0.00198330829570313
7	137923392	138122826	rs357438	rs10238368	1328	0.00684780616872367	0.000742720068520486	0.89288040553596	0.0968373395462709	0.00269172868052521
7	150437716	150637315	rs62492368	rs28400418	1400	0.000613831708670277	0.965554869268597	2.03452450371138e-05	0.0319993674427924	0.00181158633490276
7	156816206	157116101	rs6459733	rs6459751	2093	1.2147234566349e-09	0.939733534327298	7.09743547613605e-11	0.0548963919123016	0.00537007247470328
8	8003984	11991621	rs2980755	rs4841525	31553	7.74247696965607e-14	8.53751078560229e-13	0.0824492219548494	0.909138118845824	0.00841265919839532
8	12517355	12717076	rs4474021	rs12680692	1797	7.85184886099555e-06	0.000115002522974226	0.00481521559298972	0.0686735351224547	0.92638839491272
8	19724981	20024524	rs10096633	rs6999158	2205	5.47762928546045e-07	0.0139724653625349	1.04422509149341e-05	0.264921196843452	0.721095347780169
8	23465816	23665025	rs9644033	rs1561105	1241	1.45127849176498e-19	9.27339531934757e-21	0.574024225204998	0.0358989095465618	0.390076865248438
8	23698526	23897521	rs11786566	rs4407889	1019	0.00518070846905659	0.000292044651217032	0.932251785887646	0.0525330085005359	0.00974245249154439
8	25274105	25973828	rs11992444	rs73221948	4122	7.94767471589886e-25	2.15853909499842e-25	0.312179210487302	0.08357744814353	0.604243341369167
8	26146295	26345621	rs2874670	rs11135933	1080	0.0389691490604826	0.00377136867980535	0.78495801039423	0.0757738603174115	0.0965276115480704
8	41160275	41660235	rs515071	rs6999302	3413	1.69231399966261e-22	0.885529063888034	2.1733683355317e-23	0.113723311614921	0.000747624497044474
8	69458559	69657470	rs16934882	rs4737915	986	0.000156230782835168	7.63046816778856e-06	0.948410196636308	0.0463110757367002	0.00511486637598927
8	71394552	72093841	rs3110262	rs1159724	3384	3.4037444226069e-06	1.57726749793828e-06	0.378146078960521	0.174334790913763	0.447514149113797
8	72253716	72553617	rs12679556	rs12334481	1450	9.27208112218796e-35	1.02258101280224e-33	0.0805896481301211	0.888729870696228	0.0306804811736501
8	75795193	76094528	rs7825434	rs186771659	1572	0.00221478034456967	0.000211307847801177	0.908740348568101	0.0866968605182138	0.00213670272131434
8	89167020	89662392	rs10088444	rs189680100	2658	7.18390839199272e-09	8.84254432563728e-10	0.888709276704804	0.109385825263671	0.00190488996336215
8	95585173	96084925	rs11786992	rs146359865	2659	1.75959658230569e-06	0.916271305223427	1.58332403770663e-07	0.082445562169755	0.00128121467783124
8	97624818	97823112	rs149364428	rs146924834	768	0.000459429207162987	0.921224764544349	3.5057520137568e-05	0.0702796063328445	0.00800114239550626
8	98836481	99036084	rs10087445	rs9297280	1148	0.140543747107399	0.0085281949327725	0.795832698373115	0.0482774944358369	0.0068178651508766
8	118083433	118282627	rs11558471	rs2466291	975	1.38797972220114e-43	0.886760615890596	5.28353942795187e-45	0.0335965004467753	0.0796428836626295
8	121242222	121441795	rs7003062	rs73329055	863	9.69045624049878e-06	4.23900301219335e-07	0.95631592577046	0.0418294919727259	0.0018444679002728
8	126321018	126619844	rs144435165	rs144435165	1778	6.61350557663464e-14	8.56872316345663e-15	0.874560477480787	0.113287259733313	0.0121522627858257
8	128083946	128483829	rs13256367	rs606345	2454	3.92017794608407e-15	3.12895530829734e-15	0.553191845138865	0.441528724344998	0.00527943051613355
8	128611851	128811678	rs17772814	rs7841193	1264	0.0414549154720892	0.882600147416202	0.00329920029740709	0.0702371465452736	0.00240859026902813
8	129706010	129905644	rs6995598	rs7015123	1038	0.00449025993902169	0.000845004590961042	0.832201889123413	0.156597112221308	0.00586573412529601
8	135512645	135812548	rs7008957	rs4909310	1823	3.65605588701834e-09	9.12876483817629e-10	0.771704804987389	0.19261474421426	0.0356804462294197
8	145145687	145325807	rs13267392	rs77501143	592	0.00250178915836972	0.799495390185258	0.000597019123484502	0.190775814108974	0.0066299874239131
8	145451965	145703955	rs3757972	rs7838717	1131	1.68216877047352e-10	0.751186019478926	1.51115992843266e-11	0.0671186736932456	0.181695306644501
8	145862310	146061885	rs2953845	rs114968812	1128	0.000444336299698828	0.949273465916974	2.30854025659824e-05	0.0493174275233008	0.00094168485746058
9	4182972	4382838	rs10974438	rs10120959	1727	8.92428097696908e-08	0.893041766278905	1.04931774159404e-08	0.105000013123486	0.00195812086162007
9	17018081	17517685	rs10963067	rs10810790	3301	2.75145492653067e-05	5.68789650998524e-06	0.826389102252732	0.170828326132635	0.00274936916885806
9	18925401	19125356	rs62563594	rs10811094	1564	3.88991883126247e-05	0.939069127755382	1.96943130745451e-06	0.0475174897053369	0.0133725139196611
9	21872024	22171981	rs10811661	rs17694572	1524	1.4267606477278e-67	0.0323709844384538	4.24170083593633e-66	0.962365551858748	0.00526346370279637
9	81782111	81981668	rs67269808	rs34871138	1092	3.14326359567478e-06	0.959401375828844	1.06826095894397e-07	0.0325899415968404	0.00800543248462429
9	84193487	84393424	rs2796441	rs2796443	1257	2.00244139618244e-19	0.859772540732583	3.22163529888539e-20	0.138321012568014	0.00190644669940411
9	93843309	94142869	rs16907277	rs7042178	1618	4.46957973927837e-09	4.81733262760522e-10	0.898223795360089	0.0968010038520508	0.00497519583654647
9	94839105	95638937	rs10992414	rs230222	3880	2.39643613820367e-16	1.1557727899212e-16	0.480906810626709	0.231360197708827	0.287732991664462
9	96601787	96901498	rs2398893	rs10739970	1510	3.92769265052808e-09	4.15547048310112e-10	0.901887138980472	0.0954136100337183	0.00269924664257161
9	98283093	98482923	rs7854560	rs57793730	1300	0.00519537674295313	0.000369927743657253	0.92559506891409	0.0658995030049683	0.00294012359433103
9	101638198	101837823	rs4743305	rs62565487	1236	0.000447373883934483	2.86062232580833e-05	0.93766466863324	0.0599528492316578	0.00190650202790975
9	107471308	108070192	rs10820747	rs7023634	4203	1.74523881740155e-25	2.06738055540088e-25	0.373227207403262	0.441748625418787	0.185024167177947
9	111681843	111981493	rs7021903	rs534286	1611	0.000135975374645805	1.63633525462032e-05	0.89032852098834	0.107137869046672	0.00238127123779508
9	112429745	112629419	rs12686670	rs3918629	1343	0.000269755905724217	1.94485581569974e-05	0.887133491742675	0.0638621232243784	0.0487151805690645
9	112660228	112859762	rs150841499	rs7849107	1120	0.000708856378599655	4.49750378039489e-05	0.934450288834218	0.0592773298176412	0.005518549931737
9	113498402	113697860	rs4978959	rs2263596	1198	0.0477389166518315	0.00594967492926553	0.839721241934015	0.104650116494532	0.00194004999035632
9	113759145	114058909	rs10980797	rs72755327	1939	6.91843984540166e-13	6.87102545782297e-14	0.907638919190024	0.0901374091970271	0.00222367161218738
9	119054707	119254448	rs10817896	rs1885234	961	0.000495514147932181	0.000311745340238834	0.600123805952927	0.377515841126632	0.0215530934322698
9	119294541	119494353	rs811458	rs35533103	1151	0.000308037418369663	4.14543650486419e-05	0.664546642695477	0.0889395308233628	0.246164334697741
9	131410544	131710406	rs6478851	rs537874457	1438	0.000830761880201442	8.02775581916296e-05	0.909192638809728	0.0878523323853685	0.00204398936651063
9	137438001	137637726	rs12554943	rs76482208	1591	0.00314845027052164	0.000264351394789977	0.90465693991705	0.0759251443480652	0.016005114069574
9	139135795	139435397	rs28505901	rs28562046	1881	1.61576410042203e-16	0.000843861744553628	2.8960426633279e-15	0.013153095490494	0.986003042764948
9	139908139	140107921	rs192111487	rs147058434	1304	0.00181187538104336	0.000215069084001446	0.885435609269173	0.105086048085883	0.00745139817989973
10	3438859	3638439	rs7086377	rs35126571	1273	0.000132261583682494	8.40022209945471e-06	0.927199414839399	0.0588608621415366	0.013799061213282
10	4729788	5127840	rs12774134	rs4523595	2886	3.02850986499936e-06	9.93683594345376e-07	0.74028529536727	0.242861119094989	0.0168495633442814
10	5542055	5742023	rs10905869	rs147431255	1646	0.00200534214865103	0.000167285792194587	0.919314609213988	0.0766856392890909	0.00182712355607596
10	12139688	12339213	rs11257655	rs11257562	1279	1.52208260229115e-19	0.956829067309595	6.66187288632938e-21	0.0418760415796148	0.00129489111079174
10	24806252	25005964	rs7913390	rs61854201	871	0.0698709760982546	0.00353650397113959	0.879113076712916	0.0444901349414437	0.00298930827624647
10	27768000	27967854	rs1494204	rs78798707	1208	1.53130432579678e-09	8.97416326289479e-11	0.942932866846898	0.0552566781106657	0.00181045342138874
10	30196651	30396258	rs12770117	rs11007901	1441	0.00917508750706925	0.00108107941048951	0.881693728164768	0.103879598490967	0.00417050642670665
10	32291205	32691086	rs3740237	rs79128219	2538	2.08193965091709e-11	2.9402694032955e-12	0.873873066756888	0.123409392982263	0.00271754023708824
10	33364859	33564508	rs10827226	rs76767260	1419	3.45494918889078e-05	2.33030056162015e-06	0.934246775915549	0.063007833465738	0.00270851082626245
10	34060840	34260635	rs1474921	rs11009554	1300	1.42272080863853e-09	9.77043019793616e-11	0.933805699317086	0.0641242774804049	0.00207002168208266
10	63671348	63970781	rs7070749	rs10995037	1465	2.18347368634202e-05	4.102946753347e-06	0.755536305833631	0.141766840037053	0.1026709164457
10	71219191	71518643	rs61849864	rs61849864	2118	0.000157743056025264	0.89654725051106	1.58958580781186e-05	0.0903196608906466	0.0129594496841897
10	71783904	71983630	rs41277978	rs35004597	1120	0.000461633303272442	3.75868594472855e-05	0.913306925441525	0.0743390775230432	0.0118547768727116
10	77057896	77457007	rs11001409	rs3001910	1726	1.21596003360792e-07	1.26338777908918e-06	0.0873851077833257	0.907925706114792	0.0046878011180999
10	80662491	81062108	rs12571751	rs703974	2459	2.15302304634691e-32	1.23898391122261e-12	1.73772600319709e-20	0.999996050539676	3.94945908897361e-06
10	89503717	89803264	rs12769346	rs11202627	1318	8.80929908775369e-10	4.92365923502967e-07	0.000346946659784398	0.192299373338562	0.807353186754799
10	93591927	94591607	rs12778642	rs1111875	4266	3.07593965192999e-56	9.31189052623479e-06	1.84703161085515e-52	0.0540238452470203	0.945966842862456
10	95186964	95386849	rs11187533	rs68133882	1408	3.56720060537652e-09	3.3592987158889e-10	0.911451222109576	0.0858276031959524	0.00272117079133977
10	95624362	96024030	rs1223583	rs376053824	1770	0.000147905627257601	1.66700456587616e-05	0.891118427818686	0.100418966497913	0.0082980300104842
10	104186710	104585572	rs3977755	rs10883782	1802	7.66555307822947e-05	3.44757430816377e-05	0.536610178251411	0.24089508722525	0.222383603249474
10	114462335	114961067	rs7903146	rs4073980	2525	0	9.50425752843703e-19	0	0.98650140400823	0.0134985959917822
10	119147381	119347241	rs8181280	rs860626	1334	2.39623603941095e-07	2.15350859747469e-08	0.816036113614211	0.0731158537474701	0.110847771479629
10	122712516	123012298	rs2254069	rs10788149	1953	6.23160711279327e-16	1.37057791184942e-13	0.00452587757991406	0.995420131209176	5.39912107703447e-05
10	124028040	124227675	rs7908662	rs4752692	1124	3.16165078818658e-05	0.94767599215466	1.72400521401208e-06	0.051674251309763	0.000616416022480948
11	621634	921540	rs140201358	rs61876744	2030	1.21223855799209e-16	1.64629459663691e-17	0.776197043244474	0.105175081598161	0.118627875157364
11	1972878	2372618	rs10770140	rs734351	3051	1.82521298319346e-15	0.0212672905526573	8.39943756216422e-14	0.978698202136759	3.45073105007354e-05
11	2532442	2932300	rs234864	rs7114479	2785	3.47428754768516e-41	0.700509211227266	1.24842545073318e-41	0.251620190708195	0.0478705980645352
11	8651912	9151570	rs11042077	rs10769987	2623	0.000106398209870531	2.00569250537525e-05	0.837596708514903	0.157884985642971	0.00439185070720162
11	9790088	10589967	rs11042717	rs17268414	4696	8.33458344334508e-08	4.26550572114438e-08	0.645307364082326	0.33020896025848	0.0244835496583012
11	10784855	10984179	rs7932891	rs4909954	996	1.08860917838598e-05	7.33815064937856e-07	0.927373278510758	0.0624925921041855	0.0101225094782082
11	14156679	14956391	rs150090666	rs1431376	2887	4.87167037418651e-09	1.86271636773521e-07	0.0254596348421765	0.973464337117601	0.00107583689691437
11	16994792	17494075	rs5213	rs7928810	2456	2.12155591593297e-23	1.85806855544835e-05	1.34270684639561e-19	0.115826581495343	0.884154837819102
11	17608503	17808131	rs4141261	rs7930435	1154	0.0354077740865222	0.00235304176934136	0.899608126031063	0.0597782132716547	0.00285284484141878
11	26027845	26327725	rs72889643	rs1461396	2477	0.000215736407367453	0.000549052836974056	0.0583987300723585	0.147038167625616	0.793798313057683
11	28434959	28634870	rs4923543	rs35031414	787	0.0614240763886428	0.915556659694705	0.00138939262783706	0.0207077495858657	0.000922121702949903
11	32285253	32584773	rs2301250	rs78531912	1797	5.24699570817446e-06	1.36840763423675e-05	0.276637622996029	0.721462494750206	0.00188095118171508
11	36225821	36525620	rs7114403	rs11604953	1884	8.84199117531926e-06	8.61173882401324e-07	0.908124408378079	0.0884407637506226	0.00342512470624173
11	47370577	47570286	rs74385561	rs148548574	884	0.000615211136031719	0.000106114180097761	0.849665439880453	0.146547704247991	0.00306553055542727
11	47831811	48031091	rs112396704	rs141016381	743	0.00720962547820796	0.00124994819020749	0.839989760469781	0.145618958055713	0.0059317078060905
11	61967353	62467048	rs2509967	rs17145874	2557	1.28221301947055e-19	2.80911591386933e-20	0.81147275280588	0.177758674798431	0.0107685723956884
11	62826659	63126211	rs12291674	rs144103305	1934	0.00206002620328389	0.000209285583554966	0.899077032374419	0.0913258628410981	0.0073277929976449
11	63743106	64542901	rs56271783	rs56271783	3879	3.72963793187946e-29	1.01146983134846e-28	0.00347085800468784	0.00743470380853907	0.989094438186774
11	65072208	65871886	rs3741378	rs588298	3722	1.09232010220768e-18	2.0398171993944e-12	5.34988099555332e-07	0.999043995786799	0.000955469223061707
11	65996811	66196410	rs2276106	rs551243	891	1.18042484668658e-05	4.38907283672008e-06	0.726302052542393	0.270047417061745	0.00363433707455733
11	66772380	67472145	rs7952436	rs7124968	3190	0.00217719054402142	0.000457919175965312	0.820673751116153	0.172600619269134	0.00409051989472609
11	68858056	69557805	rs7395513	rs61881115	4420	7.93742887954738e-23	9.5410676682811e-20	0.000830880412273759	0.998746527302795	0.000422592284933014
11	72248192	72747823	rs77464186	rs728847	2247	4.35887566966199e-33	0.879367540318475	3.44417168372998e-34	0.069380845494694	0.0512516141868259
11	72751922	72951043	rs1783598	rs36007050	790	1.69468790822568e-11	0.975024559925924	4.15320924132358e-13	0.0238929782064677	0.00108246185024472
11	74232686	74431931	rs11236213	rs7947451	1117	0.0115828120654684	0.00077111210496631	0.913757841138974	0.0608061906395362	0.0130820440510556
11	92567519	92766895	rs10830963	rs10830959	1105	7.7858746287936e-27	0.945495548030217	4.21788880624983e-28	0.0512143201300592	0.00329013183972571
11	92913590	93113236	rs57235767	rs17552417	974	0.00124573454163826	0.97239974194291	3.24906524951154e-05	0.0253597403972871	0.000962292465669295
11	111312735	112012630	rs10502148	rs79892762	2830	2.45210634418677e-30	4.07374128391496e-31	0.854272002330173	0.141914567167628	0.0038134305022039
11	112727323	112926913	rs10789931	rs182441182	1082	0.0020959855093511	0.000118342274728477	0.941243595258886	0.0531371205387775	0.00340495641825705
11	116673768	116973247	rs7943309	rs5092	1808	0.00397231705881546	0.00695598353292775	0.354978850847212	0.621583731639497	0.012509116921548
11	119080377	119279939	rs7914	rs35760686	835	0.0802335919472288	0.00596731011732918	0.847583008353406	0.0630319494401816	0.00318414014185446
11	127935061	128534409	rs11819995	rs1477577	3504	0.000179550459926216	0.574290615407716	0.000132509063297381	0.423825966600993	0.0015713584680673
11	130164589	130364418	rs11222084	rs10894196	1240	0.00350860161575139	0.00030283314609045	0.844760845501368	0.0727553459919583	0.0786723737448325
12	2808391	3008282	rs56196860	rs28990703	990	0.00143627218200299	7.81273472181678e-05	0.923259497847959	0.0501714407868687	0.025054661835951
12	4035451	4433938	rs76895963	rs35808169	2207	9.63799126991167e-56	0.684196879951878	8.73242714081312e-57	0.0614824856874064	0.25432063436072
12	6552284	6752145	rs7300366	rs6489722	1126	0.0340509427858916	0.0415571632275873	0.411153074619282	0.501765080563639	0.0114737388036004
12	8962214	9161766	rs4883198	rs12423765	1006	5.19401223891298e-13	2.42082262274849e-14	0.953349712091819	0.044429233521257	0.0022210543863822
12	12771180	12970792	rs2066827	rs7133313	998	0.0060742543745313	0.0929779989277414	0.0552322639120388	0.84543412905032	0.000281353735369183
12	26153650	26553475	rs11048456	rs1872992	2339	2.24608073763797e-73	6.88405535692646e-67	1.26343976323081e-08	0.0367969984148061	0.963202988950792
12	27339117	27538737	rs4964058	rs11832262	974	0.000461312198488816	2.64017543127792e-05	0.923177948049671	0.0527880968998038	0.0235462410977235
12	27726951	28226726	rs10842994	rs4930973	2729	1.32951956073455e-15	2.11801626228762e-05	6.27705924145117e-11	0.999978785153816	3.46207865503307e-08
12	30634849	30934171	rs11051005	rs12828190	1749	1.16780054703162e-08	1.41283597802102e-09	0.866651100598328	0.104792629029846	0.0285562572809851
12	33591082	34856396	rs12372031	rs2389218	9058	1.71039054643121e-08	1.38636892339278e-08	0.528202027832094	0.428050322870086	0.0437476183302246
12	37856765	38756804	rs11181857	rs11520043	7477	8.22512645279363e-08	5.42120031665529e-08	0.56469335505135	0.372064242600182	0.0632422658852013
12	45880677	46079926	rs73108788	rs7964986	938	0.000741657566383513	4.75451541485822e-05	0.936938442784994	0.0600595239418978	0.00221283055257532
12	47742628	48042460	rs192099063	rs7397389	1849	0.0134948112425435	0.00154123349410019	0.865224586720194	0.0987748004203817	0.0209645681227808
12	48043325	48242923	rs145878042	rs12424297	1105	9.99053989458841e-11	6.06877898916115e-12	0.930427591180502	0.0564929027792828	0.0130795059342429
12	54126732	54626492	rs1443512	rs1872635	2280	2.02413395178885e-46	3.6250625785812e-47	0.846464309868358	0.15159112220698	0.00194456792465426
12	55979181	56178523	rs3759097	rs12578814	962	0.00410189277294611	0.000323012237990504	0.916945288821737	0.0721939279460348	0.00643587822129173
12	57016559	57215866	rs2277339	rs145321310	827	1.97179712889902e-08	1.97358375702804e-09	0.345592161665561	0.0333484111590292	0.621059405483856
12	66066372	66465385	rs4130827	rs7965495	1793	2.08875787595043e-31	5.53276214506523e-15	3.77525333853984e-17	1	5.3690772951522e-17
12	71304551	71603881	rs1796330	rs1796330	1625	6.69355645722141e-07	0.0944961802242175	3.13215938715713e-07	0.0424921906292216	0.863010646574976
12	77801488	78101093	rs711076	rs570121535	1809	4.73558949075243e-05	3.7064171641678e-06	0.925628473830354	0.0724426688677741	0.00187779498980038
12	93992937	94192644	rs10745659	rs7962774	1010	3.87845745871173e-06	2.47783627334581e-07	0.938262275400739	0.0599393223771723	0.00179427598100205
12	98673194	98872915	rs7311622	rs12580242	1014	0.0249268767361535	0.00132918007155027	0.91407869051525	0.0487196817443784	0.0109455709326678
12	102315504	102615168	rs11111197	rs73185996	1340	0.00765576799175759	0.00113145326692857	0.859323207292002	0.126990399583486	0.00489917186582615
12	102814034	103113868	rs2195243	rs5742667	1602	0.0215995129163837	0.00273750593882288	0.856804527913294	0.108570181621232	0.0102882716102675
12	106891858	107291383	rs1922436	rs10778511	1698	1.55790824559605e-08	3.58725700496539e-09	0.628000650911625	0.144148432657796	0.22785089726424
12	108446031	108645949	rs3764002	rs1426371	1146	1.09576431227377e-16	3.51268927477063e-14	1.48546867369268e-05	0.00276752846565223	0.997217616847575
12	113408208	113607823	rs10850127	rs61942260	1222	0.000320556828041318	6.68300923257652e-05	0.825699081095871	0.172139238575477	0.00177429340828499
12	115287875	115487581	rs2077395	rs6489996	1322	0.00448756998218311	0.0002896074246312	0.933232222622672	0.0602230422191467	0.00176755775136736
12	118355144	118554771	rs2241737	rs5745808	1177	0.00137144499034727	0.881809208199893	0.000176232862718688	0.113307214084547	0.00333589986249406
12	120735880	120935530	rs141365005	rs4767896	976	0.841207383651644	0.0867271081300276	0.0628224823498215	0.00647135203584689	0.00277167383266035
12	121097235	121496785	rs1169299	rs61953351	2321	7.22451894349587e-10	0.607633255246655	4.29335963144322e-10	0.361039324296913	0.0313274193046441
12	121500429	121700131	rs28360446	rs74581461	1358	0.00397915504035609	0.780333761101831	0.000889739781456727	0.174401978355111	0.0403953657212451
12	121838528	122038167	rs10849893	rs181617194	901	0.000958080978311552	0.737404741855686	0.000338507254400963	0.260536844397699	0.000761825513902877
12	122109042	124908813	rs863750	rs7978610	14298	6.31596917343754e-104	1.55395663140502e-99	2.42948580794782e-05	0.596935212312967	0.403040492828947
12	125233023	125432921	rs7954697	rs188816408	1438	0.0189614624467221	0.00251671390191598	0.857618689201343	0.113815698943869	0.00708743550615018
12	128657196	128856870	rs7973997	rs186866447	1426	0.0318409049170112	0.00215344664392723	0.899899099671436	0.060850971932675	0.00525557683495051
12	131340074	131540007	rs12823266	rs67851706	1468	0.000885858017991445	7.23915425377173e-05	0.913546420191466	0.0746324888689336	0.0108628413790706
12	132966471	133166361	rs35318451	rs56412373	1862	0.0113665178951602	0.937497370598605	0.000600980210928717	0.0495662212876538	0.000968910007652882
12	133592962	133788583	rs12828318	rs12828318	562	1.51798708434048e-07	1.42030989763152e-08	0.451831081232478	0.0412619186718443	0.50690683409387
13	22373655	22573489	rs1547149	rs7983747	1516	0.000367886126361506	5.97942724561289e-05	0.857873440716502	0.139429690236895	0.00226918864778561
13	26677240	26876577	rs34584161	rs75051115	1315	0.00545052537915383	0.922798217692165	0.000404896790011376	0.0685452272746314	0.00280113286403769
13	29045344	29245259	rs1340819	rs111975640	1148	0.0689729461757516	0.00872368587496901	0.813025125837003	0.102818352473272	0.00645988963900418
13	30921591	31121405	rs9579574	rs3742305	1110	0.000372314497411312	0.000199004395904957	0.0811080080731482	0.0415992879504421	0.876721385083094
13	44584606	44784512	rs10507524	rs4406961	1003	0.00607891363085646	0.000497790791372122	0.915040174675683	0.0749239987499743	0.00345912215211432
13	49723349	49923122	rs10459375	rs77244803	726	1.17548721627971e-05	5.95643160758725e-07	0.949480857245643	0.048107317546412	0.00239947469262088
13	50133697	50333488	rs9568298	rs17073314	1155	0.0131371279083029	0.000769910101814213	0.923874498972781	0.05412809757199	0.00809036544511141
13	50338486	51338145	rs797486	rs1239707	4708	1.09487347990883e-41	9.06480024666835e-40	0.00921935107069214	0.76284305746354	0.227937591465767
13	51352946	51551857	rs76898533	rs9526691	883	0.00909252441391655	0.000508802575499191	0.875921281222111	0.0488839141907789	0.065593477597695
13	77936403	78235993	rs10507868	rs183320224	1500	1.2875940488696e-05	2.95880556516562e-05	0.30286946075546	0.695971662665183	0.00111641258321634
13	80504152	80803578	rs1359790	rs9574586	1464	3.24809441694709e-22	0.299531708370546	7.59235006764836e-22	0.700148214646706	0.000320076982743628
13	80852205	81052044	rs9601364	rs9670582	961	0.0196897741468219	0.00149456235088266	0.905252648155768	0.0687039459124187	0.00485906943410848
13	93784390	93984067	rs1577099	rs1328369	1051	0.0330051131967742	0.00275228648902088	0.834907405280311	0.0695030137186879	0.059832181315206
13	100647612	100847510	rs9557378	rs138339557	919	0.0114131300641254	0.000525768585935854	0.942633767101435	0.043420289322069	0.00200704492643484
13	110810478	111110418	rs4773173	rs8001365	2319	6.99515239289875e-11	9.06780236166481e-12	0.871116505198062	0.112890676507988	0.0159928182149305
14	23189196	23388871	rs17122782	rs17122782	1259	0.00201690945754362	0.443221296137132	0.00156169050625472	0.342764832592652	0.210435271306418
14	23646291	23845820	rs3210043	rs139510113	1021	0.00235540256342524	0.000217174274564092	0.909886650277033	0.0838866197542182	0.00365415313075855
14	28216271	28416025	rs112075769	rs8016424	1193	0.90413225172338	0.067912240576803	0.0246994159532697	0.0018524441629327	0.00140364758361472
14	35054484	35254255	rs12435790	rs76204064	1213	0.00292698908306224	0.000169475739754391	0.932282853439499	0.0539588319358569	0.010661849801827
14	35275615	35474872	rs34523753	rs60019916	1099	0.0270741869323425	0.00566048239555432	0.567302183398993	0.118043749684367	0.281919397588743
14	38748710	38948307	rs8017808	rs1952563	987	0.00678611605760059	0.922915596569639	0.000223405591666003	0.0303037437094378	0.0397711380716568
14	52222060	52621945	rs1253682	rs6572807	2663	0.00039140020054726	0.000103876386587813	0.754794159980881	0.200231045519028	0.0444795179129555
14	53877141	54076732	rs2000224	rs4901419	888	0.00684652105608222	0.000276961151491675	0.951670276845738	0.0384923279768331	0.00271391296985542
14	54228791	54427992	rs7160860	rs145834816	964	0.00410031709529237	0.00225651770169928	0.622723783146649	0.342645542740882	0.0282738393154767
14	58549893	59049594	rs1190982	rs8020892	1638	4.00224464396454e-10	6.33926327499701e-11	0.846739146095282	0.134078934074044	0.0191819193670572
14	60698999	61098683	rs12878738	rs8015152	1720	4.19736146775887e-06	5.94374083607311e-05	0.0651303459248643	0.922263595111026	0.0125424241942811
14	68720175	68920095	rs55665241	rs538332415	1008	0.00459346187486561	0.000279709066345515	0.936286583418884	0.0570095136126605	0.00183073202724481
14	69038590	69238263	rs4902632	rs17106102	1375	3.44388736070439e-10	2.48043401483859e-11	0.928857916461193	0.0668917934671232	0.0042502897024905
14	71259397	71658978	rs2526886	rs2189807	2282	0.000122710630607873	2.31453989680255e-05	0.521721959133942	0.0976450304090463	0.380487154427436
14	74877499	75077326	rs699370	rs8008540	1006	5.36892340805162e-06	1.4649603507902e-06	0.731963062258	0.199585995302303	0.0684441085559373
14	91214226	91613640	rs7492628	rs1286112	2156	4.72899759701025e-28	1.14385085744181e-26	0.0209532190935715	0.505870517956349	0.47317626295008
14	98242713	98442502	rs8003238	rs2616765	1391	3.14003679297106e-06	2.61571132072158e-07	0.919021984459337	0.0765474527286239	0.00442716120411369
15	31552308	31751664	rs9744263	rs7403010	1194	1.92364059645775e-14	3.73810078113814e-15	0.707840536569113	0.137240766786235	0.154918696644627
15	36005740	36205277	rs1826947	rs1497810	1044	0.0659043829956504	0.00355894827529324	0.880114478247862	0.0475218714536111	0.00290031902758337
15	37242081	37441252	rs2701523	rs149743073	833	0.000344144324526768	4.5524201209354e-05	0.87371755235484	0.115556691211597	0.010336087907827
15	38752609	38951676	rs12912777	rs528014202	983	1.44478038200946e-06	0.967209450210226	4.710222740033e-08	0.0315301081208517	0.00125894978631246
15	40287790	40487683	rs11634257	rs11634257	883	7.48786553427137e-06	0.00215875766037764	3.283405766972e-05	0.00748545432152818	0.99031546609489
15	40542940	40742338	rs12913300	rs746673	1085	3.63622349903831e-06	2.55341762524501e-07	0.932181395639642	0.0654546336515454	0.00236007914355062
15	40756555	41056440	rs2928140	rs573740761	1367	0.000378133314006358	3.08893268218394e-05	0.922153690998517	0.0753255761134861	0.0021117102471685
15	41122497	41322069	rs12441495	rs146122316	1046	0.0206957241348753	0.00163083489720888	0.902670481564999	0.0711231906250353	0.00387976877788233
15	41701139	42301066	rs1105881	rs2297383	2847	3.15451394505154e-14	2.53046443190554e-10	3.00295297590996e-05	0.239367433512112	0.76060253670505
15	47773649	47973203	rs4774498	rs140489504	1026	0.0138354899324991	0.000856886667714071	0.925122577404711	0.0572907152170156	0.00289433077805976
15	51399142	51798413	rs17703883	rs6493498	1978	4.00919632493292e-06	6.11103467655969e-07	0.864493537389048	0.131763320804723	0.00373852150643767
15	56264789	56864708	rs8030605	rs191641764	3314	9.47776174306889e-17	4.36207544601141e-17	0.683497480676823	0.31457120886697	0.00193131045620988
15	61213164	61413070	rs4775348	rs17303404	1212	0.0116586239180366	0.000722659275270599	0.926366369320314	0.0574130989286321	0.00383924855774637
15	62159229	62459031	rs8037894	rs17205365	1532	2.63023170472881e-07	0.00259287360798717	0.000101159284111073	0.997224673693832	8.10303908990947e-05
15	63700131	64199812	rs79714693	rs62014216	2627	5.16215021900137e-09	3.63094085433926e-05	0.000136818787573251	0.962277611824673	0.0375492548170615
15	66889544	67089461	rs1440372	rs2119261	1437	2.37296412698804e-09	1.93580520923776e-10	0.921106057127162	0.0751340250148698	0.00375991529142305
15	67372922	67672502	rs3743349	rs17228058	1358	7.14379636363132e-06	1.37583628963225e-06	0.836943486555698	0.161184689544659	0.00186330426699037
15	68525794	68725405	rs2306022	rs117879876	1246	0.041241002061716	0.00274155347344812	0.891757830749394	0.0592708754646318	0.00498873825080971
15	74120762	74420226	rs8027447	rs11072468	1498	8.04515608982844e-07	9.16135213999501e-08	0.892794460693213	0.101655100447804	0.00554954272985308
15	75600366	76000140	rs11638974	rs7163907	1670	0.000112375608710539	0.16405311165151	7.85065228132099e-05	0.113163665943097	0.72259234027387
15	77284160	77983968	rs4886877	rs2667773	3347	1.24182374920428e-13	0.514996680039425	1.16608640734413e-13	0.483584812848431	0.00141850711190307
15	78853410	79152975	rs62012629	rs12438758	1975	0.000508441539254079	5.89704303161108e-05	0.878908139347755	0.101900905452585	0.0186235432300892
15	82356785	82556618	rs146634442	rs117095191	1111	0.0528521401624646	0.00264395628742145	0.859815646760069	0.0429292147643552	0.0417590420256893
15	89310469	89510313	rs1516797	rs75119808	1357	0.0645992413546855	0.00585858001834679	0.847864354155796	0.0768842130658419	0.00479361140533011
15	90262615	90462264	rs28678152	rs3853639	1156	7.54848408893739e-15	0.904254569041636	7.81205501060615e-16	0.0935785147729262	0.0021669161854287
15	91402803	91602313	rs12910825	rs182806755	1403	2.2512082218124e-08	0.953736737861559	1.0706204367778e-09	0.0453556080535889	0.00090763050214874
15	93923221	94122763	rs8030277	rs2892477	1646	2.11739931297239e-05	1.64830941611292e-06	0.925865832846725	0.0720708157734753	0.00204052907725386
15	95751538	95951366	rs28439341	rs113057202	1191	0.0201101894259087	0.00160601106742376	0.900829582206378	0.0719297093850958	0.00552450791519359
15	96076382	96275825	rs13379908	rs16975547	1177	0.0343666406471508	0.00191727619495713	0.908705868184992	0.0506870310822454	0.00432318389065436
15	98228529	98428050	rs13379794	rs12372965	1413	0.00109438779075178	7.25663278681773e-05	0.933734591214763	0.0619074029923382	0.00319105167427877
15	99400940	99600039	rs2684787	rs2715439	1345	0.00151119955861154	0.000125173629062945	0.904141905676084	0.0748519145538765	0.0193698065823657
15	100017346	100317174	rs2123926	rs12593181	1700	0.00292740889258807	0.000276776764962226	0.906968981541632	0.0857427295473934	0.00408410325342404
16	194338	494156	rs56284809	rs55857387	2151	1.52682482588451e-07	0.0264056385650407	5.62509654998072e-06	0.972829574810525	0.000759008845402391
16	1249506	1448884	rs7187167	rs4984797	1620	0.063107740832004	0.0172750651417189	0.714394753968715	0.195538510604288	0.00968392945327409
16	2055820	2255788	rs28610092	rs9926191	1272	0.00190819437269551	0.000193126319560498	0.904106787556595	0.0914990991908815	0.00229279256026774
16	3217088	3416940	rs220381	rs220381	1214	0.00165913356365854	0.000212363764926268	0.869370913368581	0.111241651523716	0.0175159377791177
16	4196742	4696689	rs3747577	rs1530088	3305	9.12444301594488e-21	1.80470774053536e-20	0.157914109513074	0.311273951323335	0.530811939163593
16	10865776	11265276	rs8055544	rs1861198	2468	0.0010442799618626	0.00174630510000252	0.356153748158219	0.595489679213066	0.0455659875668502
16	11521463	11721112	rs7102	rs35555135	1767	0.000295173137568338	3.00183881714045e-05	0.791574926312216	0.0802455306731484	0.127854351488897
16	49727299	49927079	rs2047937	rs59914687	1031	4.55637777962144e-11	2.4956310460764e-12	0.945797726079731	0.0517986709664738	0.00240360290573462
16	53328787	53627919	rs8054299	rs1861353	1459	1.43844398151369e-08	4.67050760356761e-08	0.160159632119737	0.519384051417753	0.320456255372993
16	53697983	53897740	rs9930501	rs8058618	1075	2.47565325681603e-08	0.408502443200416	3.58246469213556e-08	0.591134391516555	0.000363104701851074
16	66959438	68057880	rs8055190	rs117090420	4142	8.04176551872303e-08	2.58051255866507e-08	0.752117424352604	0.241332965436952	0.00654950398766392
16	68148636	68348278	rs1073632	rs142270245	744	0.000623309141118145	3.65692076922926e-05	0.93857454342721	0.0550542343821243	0.00571134384185485
16	73709939	73909696	rs400223	rs142487203	1311	0.0339487168546062	0.00294432719589519	0.873662962475279	0.075744230709541	0.0136997627646781
16	75067588	75566812	rs72802342	rs8061379	3673	3.85175422001432e-24	0.454242826689283	4.61175255273032e-24	0.543866724821822	0.00189044848889258
16	79644817	79844387	rs17767383	rs821220	1661	0.0182934977134278	0.00137623243188319	0.909182717770935	0.0683929327818976	0.00275461930185601
16	81361075	81560629	rs2925979	rs2925979	1625	5.50199347221119e-42	1.84462580508507e-39	1.20241831320459e-05	0.00203538249161837	0.997952593325252
16	85050304	85350097	rs7198287	rs4483834	2648	0.000928922385504705	0.000151504991066951	0.855221107554734	0.139476046312897	0.00422241875579622
16	86437270	86636987	rs1169644	rs12446190	1944	0.0873140644323346	0.0121743448700737	0.784061468999328	0.109308708664402	0.00714141303386118
17	1512487	1711591	rs67735224	rs1057355	1289	0.00495767703032516	0.000445257713720222	0.903071065157591	0.08108552338461	0.0104404767137542
17	3728315	4328063	rs9915922	rs8068804	3535	5.60033132792855e-10	0.000145670976297125	3.47006077380182e-06	0.902407318273618	0.097443540129278
17	7093302	7593110	rs727428	rs1641523	2633	3.04541632207054e-15	6.70271540108305e-13	0.000210747075607857	0.0444730972027415	0.955316155720974
17	8116821	8316456	rs1561	rs35217368	1118	0.00164225681539983	9.15282752710571e-05	0.942508923719914	0.052522596348835	0.00323469484057984
17	17248281	18347763	rs3818717	rs1108646	5275	1.45304333169494e-23	2.12875115157305e-20	0.00068101048413236	0.997697114324302	0.00162187519156475
17	21179461	21378880	rs7213608	rs2001651	715	0.00787171578621427	0.000392637002693529	0.923306600854986	0.0460092031897758	0.0224198431663301
17	27572530	27971685	rs141385558	rs797962	1545	0.000184656116883787	7.45935382966209e-05	0.675419514979496	0.272738765819238	0.0515824695460854
17	28473714	28673311	rs569440415	rs55672810	836	0.00833894724242699	0.00192864573282333	0.745388770726248	0.172250581498643	0.0720930547998586
17	28779439	28979072	rs553277450	rs554388009	825	0.0013526941053013	0.000111415683111276	0.863629496594509	0.0710057017053261	0.063900691911752
17	29298413	29798283	rs1048317	rs1129506	1824	5.21214637513585e-05	0.000370570557242275	0.120263711472655	0.854996242562737	0.024317353943614
17	34788071	34942123	rs2306589	rs190682321	573	0.0433769948574532	0.00135397403154863	0.923068494845916	0.0288059669194271	0.00339456934565525
17	35943803	36143630	rs11651755	rs11263763	1014	7.32683725345892e-25	0.899972304932434	2.59063876000854e-26	0.0316847269796293	0.0683429680879398
17	36824507	37024319	rs3744070	rs228287	978	0.0654550894917389	0.0172808393107662	0.723565223010942	0.191023558659377	0.00267528952717543
17	39874075	40074012	rs60090576	rs549139713	1104	0.000738206272928852	0.000100549859334025	0.875213439327483	0.119201887747999	0.00474591679225498
17	40205430	41104900	rs72823057	rs684214	3710	4.59354502408224e-11	6.88163125076477e-09	0.00663017257370066	0.993271940290057	9.78802086748935e-05
17	43317317	44410597	rs7221167	rs562958995	5139	6.00297447153508e-13	1.52531323122992e-13	0.795657542192167	0.202166585745009	0.00217587206207147
17	44525979	44872032	rs3874943	rs77266163	363	5.88228885514185e-09	1.17597162414184e-10	0.978393127509436	0.0195556741502773	0.00205119234039929
17	45214631	45413453	rs7208170	rs4144743	1029	0.0210304855950547	0.0107505149411906	0.617315348272479	0.315492879781803	0.0354107714094732
17	47259125	47457301	rs4794033	rs17637241	978	0.000279417399943986	1.41134020406209e-05	0.926131214976931	0.0467252844112417	0.0268499698098428
17	53502143	53801659	rs8074638	rs7221746	1723	2.54396004358749e-05	3.6403026017196e-06	0.743815689594222	0.106136941347305	0.150018289155436
17	54645562	54845189	rs227733	rs193023434	1061	0.000522838216492252	3.25739249772309e-05	0.938417191810596	0.0584602384121924	0.00256715763574227
17	59363288	59562720	rs757608	rs882367	1003	3.67145466752619e-20	2.52092067084601e-21	0.786859971291391	0.0537090846976922	0.159430944010916
17	61489066	62088808	rs2854152	rs9906903	2794	3.63316130105581e-06	1.87454034436685e-06	0.657251391048222	0.339103524584749	0.00363957666538325
17	65267115	65466619	rs12450700	rs4247361	979	2.87729121670709e-08	1.63220532086198e-08	0.0267620082644946	0.0132613715738378	0.959976575066704
17	68104640	68704341	rs8066985	rs312750	3115	1.48748907951824e-34	5.77844314275457e-35	0.345742680112161	0.133268549276143	0.520988770611695
17	69208579	69407931	rs7220854	rs561317850	1137	0.0195693785699683	0.00127931598333728	0.915893869701203	0.0598682791578641	0.0033891565876271
17	70148999	70348585	rs11652864	rs11653006	1101	2.06680988616569e-06	2.12978712238055e-07	0.810080490598283	0.0832631164083054	0.106654113204814
17	73096860	73496307	rs2279162	rs4788886	2115	1.14001509230499e-06	8.60009885768776e-07	0.568570887098358	0.428916127376462	0.00251098550020046
17	74048829	74348590	rs4789253	rs56751606	1707	1.1061806235717e-12	1.23287250418142e-13	0.850727815184496	0.0947071150136312	0.0545650698006431
17	76260695	76460535	rs2376585	rs11658146	1680	5.84257044030839e-08	5.81961586220271e-09	0.90702516658958	0.0903408923968779	0.00263387676822177
17	79801827	80001602	rs35344256	rs62078707	1055	5.01705102147038e-05	3.37580604245958e-06	0.928253761993129	0.0624405906978278	0.0092521009927858
18	2746576	2946416	rs11664106	rs60345718	1210	4.60729779971621e-34	3.21530616605252e-35	0.915382963780085	0.0638405013510306	0.0207765348688876
18	15172765	15371618	rs145790363	rs183074921	563	0.0131291208400924	0.000602874494002812	0.934699658843905	0.0429030286748637	0.00866531714713601
18	20586489	20786313	rs4369779	rs4493170	1012	1.94413878305428e-12	1.64557740957095e-13	0.892117409017339	0.0754466228067162	0.0324359681738378
18	42244804	42543889	rs635469	rs11660385	1235	0.000303083211694846	3.33119698606383e-05	0.897604586289796	0.0986491789756845	0.0034098395529639
18	42641635	42841192	rs17739187	rs1349386	1125	0.00104461796415659	0.000336941767106386	0.745469669103493	0.240425969411881	0.0127228017533637
18	45235409	45534864	rs35710478	rs12457250	1435	0.00427037951625092	0.00052807080661276	0.882899243179666	0.109172166069644	0.00313014042782664
18	46459908	47059152	rs7242873	rs7245027	3135	1.31883050123814e-08	3.60347546950048e-09	0.782227939592663	0.21372210952824	0.0040499340873162
18	52951091	53150381	rs72926972	rs72926962	787	1.38891576960507e-07	0.107869634211202	9.71042073700651e-07	0.753879768713281	0.138249487141866
18	60746163	60945600	rs12454712	rs12454712	1153	1.72146675632358e-28	7.15306544122572e-17	4.81322806203046e-15	1.0755172810118e-11	0.999999999989242
19	2031338	2231057	rs12459350	rs7256735	1487	4.60028525707173e-10	1.45061826061126e-10	0.759120268978554	0.239372080513574	0.0015076499027817
19	3958397	4158352	rs72976945	rs72976945	1255	0.00416020473424616	0.000686406123678674	0.315856960437475	0.0508574206062005	0.628439008098399
19	4402474	4602012	rs8887	rs60328144	1333	0.00423348164405924	0.000294578411070291	0.919017921365332	0.0639229744884783	0.0125310440910599
19	7033935	7323129	rs4804366	rs62112763	1780	1.80611119512543e-09	1.46156171949694e-06	0.0012317973264776	0.996805034653389	0.00196170465230346
19	7868378	8067910	rs4804833	rs58186620	1110	2.61013008195194e-06	0.96722672525719	8.64557916294588e-08	0.032036149802797	0.000734428354138986
19	8329334	8529246	rs116843064	rs116843064	1195	2.27369975273806e-06	0.000938181702811614	6.83218076084569e-05	0.0262456848804967	0.97274553790933
19	8542340	8742073	rs62621197	rs2913925	1046	0.000140585442779528	1.32863963134915e-05	0.820654488070027	0.0773544322372214	0.101837207853659
19	9956366	10155884	rs889129	rs62104304	1382	1.89952640156738e-05	1.36614714483983e-06	0.927980019591465	0.0667301630434429	0.00526945595393218
19	10718670	10918024	rs11085744	rs144900553	1116	0.0044607823564776	0.000311292027020905	0.928127372702714	0.064763931924932	0.00233662098885591
19	11229642	11429131	rs17766692	rs56237989	1380	0.00164186669713907	0.000144801086823233	0.913010304988303	0.0805117002533809	0.00469132697435352
19	12861842	13261586	rs10418336	rs2974755	1741	6.56578161860414e-13	7.02042098970678e-07	9.35238900947566e-07	0.999998353871886	8.84645623160334e-09
19	13849802	14049392	rs35421192	rs61732721	1049	0.0178360621368302	0.00115920960704348	0.918908857652457	0.0597173929012327	0.00237847770243618
19	17052308	17252202	rs7246865	rs62127864	1449	7.66162698644903e-08	1.25428803763064e-08	0.853264161367599	0.139674095975309	0.00706165349794178
19	18023153	18722808	rs12608504	rs539857896	4115	1.49792949952688e-39	4.55772294550219e-40	0.765204168476129	0.232823340799301	0.00197249072457146
19	19229947	19929666	rs10401969	rs73001065	3880	5.71411187577333e-16	0.000143371683994739	1.51628668922239e-13	0.0361173797027544	0.9637392486131
19	33674766	34074549	rs3786897	rs73927890	2798	2.96971335794754e-57	2.33644178138735e-53	0.000102128006905651	0.803105317387877	0.196792554605225
19	45287674	45487420	rs429358	rs4420638	1260	1.18822052042779e-16	6.13219289579201e-17	0.0441385213835922	0.0209091943112663	0.934952284305139
19	46047639	46247475	rs2238689	rs35089411	1045	1.89870178276973e-17	0.00279560796817268	6.77195767839607e-15	0.997088358550748	0.000116033481071959
19	49106199	49305759	rs973579	rs2548957	1181	0.000448504233751934	3.44364902788641e-05	0.925909196590141	0.0710869583286194	0.0025209043572082
19	55885788	56085628	rs8103017	rs4801376	1302	3.68470567164797e-12	2.69327137716969e-13	0.92996730807597	0.0679702142657763	0.00206247765430111
20	449488	649050	rs144033177	rs187412638	1187	0.000221165964568128	2.74157202782749e-05	0.874519125778692	0.108371619308773	0.0168606732276881
20	5548524	5748184	rs805770	rs190296003	1241	7.24662622482081e-28	5.67401748622167e-29	0.925642300608065	0.0724728620252341	0.00188483736670358
20	6343011	6842909	rs2145272	rs13037675	2885	5.89996780886293e-36	1.40727083437328e-36	0.795770918292182	0.189779798775293	0.0144492829325259
20	10744214	10943921	rs6040229	rs4813944	1003	0.00101056048603643	5.01765817558221e-05	0.947430886614859	0.0470331058199024	0.00447527049744702
20	20995991	21295509	rs2252720	rs140024998	1288	0.00281812082888319	0.000185648903798879	0.933441580474528	0.0614880513821004	0.00206659841068963
20	31867032	32066466	rs2065703	rs291680	912	0.0157235584122592	0.928279267797441	0.000794692403110388	0.0469000320827719	0.00830244930441736
20	32281419	32481242	rs2747567	rs111331389	885	0.000239987688891103	0.940497869504658	1.49506239696359e-05	0.0585893146901804	0.000657877492301214
20	33620611	34120472	rs143384	rs62213709	2156	1.18141716250045e-18	1.78584937604683e-19	0.866427168957493	0.130965323435226	0.00260750760728149
20	38771725	38971606	rs6124220	rs573982062	1006	4.38753371214605e-05	2.34891326598126e-06	0.947148506470181	0.0507024061806991	0.00210286309873157
20	39042654	39242491	rs910071	rs548894077	1018	4.42586701096728e-13	2.46306617222195e-14	0.942548101675914	0.0524443025540491	0.00500759576956855
20	39556434	40056227	rs1997833	rs4812492	2267	8.91398042197345e-07	1.55187837867602e-07	0.836767133521153	0.145641695965285	0.0175901239276818
20	42875247	43074372	rs1800961	rs1800961	1074	9.87030327553372e-12	0.824973196708254	8.39254448392923e-13	0.0699358313867788	0.105090971894257
20	45340230	45839939	rs2236519	rs6063048	3290	1.2906098364571e-52	2.29728568993937e-48	5.58815541464837e-05	0.994681216393515	0.00526290205234465
20	48708115	48907991	rs6122889	rs6125967	1135	3.22342987390832e-09	0.105171476722602	2.74236120806527e-08	0.894755406891959	7.30857383976486e-05
20	50720762	51320605	rs1033662	rs4811340	3087	3.79828069394236e-15	1.63494030159046e-15	0.323252555518268	0.138064174909277	0.538683269572452
20	51591870	51891748	rs2747398	rs2741370	1586	2.02379778002496e-19	9.37516380328782e-19	0.177460542887184	0.82207807871698	0.00046137839583417
20	55998797	56198644	rs1328757	rs1555273	1501	1.07268734095248e-08	9.11161821666447e-10	0.919409649519474	0.0780914744800384	0.00249886436245086
20	57279854	57479573	rs3746709	rs568865798	1128	2.71512287394811e-06	0.724631724869918	1.02994098458911e-06	0.274877160367533	0.000487369698690521
20	62590891	62790549	rs8126001	rs4372964	1084	2.75307699187539e-12	2.83284265328895e-10	0.00545764091759142	0.560708999073554	0.433833359722819
21	35493863	35693742	rs28451064	rs8131284	1045	0.006655523613396	0.000658953233517077	0.886922058885573	0.0877768259152224	0.0179866383522915
21	36604712	36904295	rs2898237	rs78150243	1718	0.00019557395029941	1.7073980947925e-05	0.917244610759888	0.0800722727445773	0.00247046856428766
21	39309943	39809475	rs2836179	rs2836258	2765	5.11049104042275e-14	1.42186236614819e-14	0.768475599417566	0.213773018858502	0.0177513817238657
21	46678985	46878884	rs4819084	rs1041458	1710	0.000484965924723699	5.32724534150211e-05	0.86042067602567	0.0944261123572377	0.0446149732389539
21	47208795	47408449	rs2330328	rs867197	1399	0.0654653308213203	0.010763637210529	0.79116502760633	0.130076209747906	0.0025297946139155
21	47417578	47617529	rs2839108	rs4458293	1776	4.25358625202423e-07	1.18928379322929e-07	0.778340496715062	0.217612447271632	0.00404651172630173
22	27546023	27745715	rs8142329	rs5752505	1461	0.000398404000064825	5.05965801211417e-05	0.883281855665748	0.112166977574627	0.00410216617943829
22	28081950	28581377	rs2283847	rs146623084	2279	0.00027094467855768	5.71910831372655e-05	0.795318851277333	0.167803039145292	0.0365499738156799
22	28592736	28891623	rs74385072	rs2345717	1016	0.00217176548248855	0.000221083910769304	0.896150421154776	0.0912068640633249	0.0102498653886416
22	29034824	29634567	rs2294239	rs134641	3085	2.70637021724026e-39	1.07943155436698e-39	0.712128368513388	0.284023596780496	0.00384803470612076
22	29842085	30941525	rs13056562	rs962322	5728	1.34562839378358e-13	1.43923192651194e-07	9.34961839612366e-07	0.999998911907687	9.20714670851202e-09
22	31461333	31961003	rs2027982	rs5753618	2424	5.90561064931355e-05	1.21675259576172e-05	0.826289545181189	0.170236376350908	0.00340285483545131
22	31997802	32197764	rs6518754	rs142200196	1209	0.0138814232396624	0.00179632478677557	0.86991711996544	0.112567901093152	0.00183723091497004
22	32245156	32644073	rs116989257	rs9606898	2446	1.54196235763445e-05	0.64293563941956	8.23113428067696e-06	0.343177121872035	0.0138635879505473
22	35455550	35755501	rs932290	rs25015	1848	7.61083314739321e-10	2.01132036052403e-10	0.763339342251944	0.201658233221817	0.0350024235640237
22	39731385	39930570	rs5750825	rs4821901	1080	0.00296633748920823	0.00487580256864222	0.361456805251026	0.59405736224884	0.0366436924422836
22	44224742	44424649	rs3747207	rs1977081	1388	1.26214680776322e-06	0.584025277374159	2.35624460405658e-07	0.10841391032235	0.307559314532223
22	47090777	47290581	rs801593	rs801656	1405	0.000748653379222108	6.60753034141432e-05	0.903010978796345	0.0796657140131658	0.0165085785078535
22	50252066	50651913	rs1801645	rs74510325	2775	0.000107850568027057	0.756712302717816	3.4474308001759e-05	0.241879671630237	0.00126570077591824
